2024-04-04 16:23:54 0.000000, 0.000000, 0.000000, 0.000000, 0.000000, 0.000000
2024-04-04 16:23:54 0.000000, 0.000000, 0.000000, 0.000000, 0.000000, 0.000000
2024-04-04 16:23:54 0.000000, 0.000000, 0.000000, 0.000000, 0.000000, 0.000000
2024-04-04 16:23:54 0.000000, 0.000000, 0.000000, 0.000000, 0.000000, 0.000000
2024-04-04 16:23:54 0.000000, 0.000000, 0.000000, 0.000000, 0.000000, 0.000000
2024-04-04 16:23:54 0.000000, 0.000000, 0.000000, 0.000000, 0.000000, 0.000000
2024-04-04 16:23:54 0.000000, 0.000000, 0.000000, 0.000000, 0.000000, 0.000000
2024-04-04 16:23:54 0.000000, 0.000000, 0.000000, 0.000000, 0.000000, 0.000000
2024-04-04 16:23:55 0.000000, 0.000000, 0.000000, 0.000000, 0.000000, 0.000000
2024-04-04 16:23:55 0.000000, 0.000000, 0.000000, 0.000000, 0.000000, 0.000000
2024-04-04 16:23:55 0.000000, 0.000000, 0.000000, 0.000000, 0.000000, 0.000000
2024-04-04 16:23:55 0.000000, 0.000000, 0.000000, 0.000000, 0.000000, 0.000000
2024-04-04 16:23:55 0.000000, 0.000000, 0.000000, 0.000000, 0.000000, 0.000000
2024-04-04 16:23:55 0.000000, 0.000000, 0.000000, 0.000000, 0.000000, 0.000000
2024-04-04 16:23:55 0.000000, 0.000000, 0.000000, 0.000000, 0.000000, 0.000000
2024-04-04 16:23:55 0.000000, 0.000000, 0.000000, 0.000000, 0.000000, 0.000000
2024-04-04 16:23:55 0.000000, 0.000000, 0.000000, 0.000000, 0.000000, 0.000000
2024-04-04 16:23:55 0.000000, 0.000000, 0.000000, 0.000000, 0.000000, 0.000000
2024-04-04 16:23:55 0.000000, 0.000000, 0.000000, 0.000000, 0.000000, 0.000000
2024-04-04 16:23:55 0.000000, 0.000000, 0.000000, 0.000000, 0.000000, 0.000000
2024-04-04 16:23:55 0.000000, 0.000000, 0.000000, 0.000000, 0.000000, 0.000000
2024-04-04 16:23:55 0.000000, 0.000000, 0.000000, 0.000000, 0.000000, 0.000000
2024-04-04 16:23:55 0.000000, 0.000000, 0.000000, 0.000000, 0.000000, 0.000000
2024-04-04 16:23:55 0.636630, 0.030219, 0.747031, -0.051083, -1.309964, -1.582008
2024-04-04 16:23:55 0.636630, 0.030219, 0.747031, -0.051083, -1.309964, -1.582008
2024-04-04 16:23:55 0.636630, 0.030219, 0.747031, -0.051083, -1.309964, -1.582008
2024-04-04 16:23:55 0.636630, 0.030219, 0.747031, -0.051083, -1.309964, -1.582008
2024-04-04 16:23:55 0.636630, 0.030219, 0.747031, -0.051083, -1.309964, -1.582008
2024-04-04 16:23:55 0.636630, 0.030219, 0.747031, -0.051083, -1.309964, -1.582008
2024-04-04 16:23:55 0.636630, 0.030219, 0.747031, -0.051083, -1.309964, -1.582008
2024-04-04 16:23:55 0.636630, 0.030219, 0.747031, -0.051083, -1.309964, -1.582008
2024-04-04 16:23:55 0.636630, 0.030219, 0.747031, -0.051083, -1.309964, -1.582008
2024-04-04 16:23:55 0.636630, 0.030219, 0.747031, -0.051083, -1.309964, -1.582008
2024-04-04 16:23:55 0.636630, 0.030219, 0.747031, -0.051083, -1.309964, -1.582008
2024-04-04 16:23:55 0.636630, 0.030219, 0.747031, -0.051083, -1.309964, -1.582008
2024-04-04 16:23:55 0.636630, 0.030219, 0.747031, -0.051083, -1.309964, -1.582008
2024-04-04 16:23:55 0.636630, 0.030219, 0.747031, -0.051083, -1.309964, -1.582008
2024-04-04 16:23:55 0.636630, 0.030219, 0.747031, -0.051083, -1.309964, -1.582008
2024-04-04 16:23:55 0.636630, 0.030219, 0.747031, -0.051083, -1.309964, -1.582008
2024-04-04 16:23:55 0.636630, 0.030219, 0.747031, -0.051083, -1.309964, -1.582008
2024-04-04 16:23:55 0.636630, 0.030219, 0.747031, -0.051083, -1.309964, -1.582008
2024-04-04 16:23:55 0.636630, 0.030219, 0.747031, -0.051083, -1.309964, -1.582008
2024-04-04 16:23:55 0.636630, 0.030219, 0.747031, -0.051083, -1.309964, -1.582008
2024-04-04 16:23:55 0.636630, 0.030219, 0.747031, -0.051083, -1.309964, -1.582008
2024-04-04 16:23:55 0.636630, 0.030219, 0.747031, -0.051083, -1.309964, -1.582008
2024-04-04 16:23:55 0.636630, 0.030219, 0.747031, -0.051083, -1.309964, -1.582008
2024-04-04 16:23:55 0.636630, 0.030219, 0.747031, -0.051083, -1.309964, -1.582008
2024-04-04 16:23:55 0.636630, 0.030219, 0.747031, -0.051083, -1.309964, -1.582008
2024-04-04 16:23:55 0.636630, 0.030219, 0.747031, -0.051083, -1.309964, -1.582008
2024-04-04 16:23:55 0.636630, 0.030219, 0.747031, -0.051083, -1.309964, -1.582008
2024-04-04 16:23:55 0.636630, 0.030219, 0.747031, -0.051083, -1.309964, -1.582008
2024-04-04 16:23:55 0.636630, 0.030219, 0.747031, -0.051083, -1.309964, -1.582008
2024-04-04 16:23:55 0.636630, 0.030219, 0.747031, -0.051083, -1.309964, -1.582008
2024-04-04 16:23:55 0.636630, 0.030219, 0.747031, -0.051083, -1.309964, -1.582008
2024-04-04 16:23:55 0.636630, 0.030219, 0.747031, -0.051083, -1.309964, -1.582008
2024-04-04 16:23:55 0.636630, 0.030219, 0.747031, -0.051083, -1.309964, -1.582008
2024-04-04 16:23:55 0.636630, 0.030219, 0.747031, -0.051083, -1.309964, -1.582008
2024-04-04 16:23:55 0.636630, 0.030219, 0.747031, -0.051083, -1.309964, -1.582008
2024-04-04 16:23:55 0.636630, 0.030219, 0.747031, -0.051083, -1.309964, -1.582008
2024-04-04 16:23:55 0.636630, 0.030219, 0.747031, -0.051083, -1.309964, -1.582008
2024-04-04 16:23:55 0.636630, 0.030219, 0.747031, -0.051083, -1.309964, -1.582008
2024-04-04 16:23:55 0.636630, 0.030219, 0.747031, -0.051083, -1.309964, -1.582008
2024-04-04 16:23:55 0.636630, 0.030219, 0.747031, -0.051083, -1.309964, -1.582008
2024-04-04 16:23:55 0.636630, 0.030219, 0.747031, -0.051083, -1.309964, -1.582008
2024-04-04 16:23:55 0.636630, 0.030219, 0.747031, -0.051083, -1.309964, -1.582008
2024-04-04 16:23:55 0.636630, 0.030219, 0.747031, -0.051083, -1.309964, -1.582008
2024-04-04 16:23:55 0.636630, 0.030219, 0.747031, -0.051083, -1.309964, -1.582008
2024-04-04 16:23:55 0.636630, 0.030219, 0.747031, -0.051083, -1.309964, -1.582008
2024-04-04 16:23:55 0.636630, 0.030219, 0.747031, -0.051083, -1.309964, -1.582008
2024-04-04 16:23:55 0.636630, 0.030219, 0.747031, -0.051083, -1.309964, -1.582008
2024-04-04 16:23:56 0.636630, 0.030219, 0.747031, -0.051083, -1.309964, -1.582008
2024-04-04 16:23:56 0.636630, 0.030219, 0.747031, -0.051083, -1.309964, -1.582008
2024-04-04 16:23:56 0.636630, 0.030219, 0.747031, -0.051083, -1.309964, -1.582008
2024-04-04 16:23:56 0.636630, 0.030219, 0.747031, -0.051083, -1.309964, -1.582008
2024-04-04 16:23:56 0.636630, 0.030219, 0.747031, -0.051083, -1.309964, -1.582008
2024-04-04 16:23:56 0.636630, 0.030219, 0.747031, -0.051083, -1.309964, -1.582008
2024-04-04 16:23:56 0.636630, 0.030219, 0.747031, -0.051083, -1.309964, -1.582008
2024-04-04 16:23:56 0.636630, 0.030219, 0.747031, -0.051083, -1.309964, -1.582008
2024-04-04 16:23:56 0.636630, 0.030219, 0.747031, -0.051083, -1.309964, -1.582008
2024-04-04 16:23:56 0.636630, 0.030219, 0.747031, -0.051083, -1.309964, -1.582008
2024-04-04 16:23:56 0.636630, 0.030219, 0.747031, -0.051083, -1.309964, -1.582008
2024-04-04 16:23:56 0.636630, 0.030219, 0.747031, -0.051083, -1.309964, -1.582008
2024-04-04 16:23:56 0.636630, 0.030219, 0.747031, -0.051083, -1.309964, -1.582008
2024-04-04 16:23:56 0.636630, 0.030219, 0.747031, -0.051083, -1.309964, -1.582008
2024-04-04 16:23:56 0.636630, 0.030219, 0.747031, -0.051083, -1.309964, -1.582008
2024-04-04 16:23:56 0.636630, 0.030219, 0.747031, -0.051083, -1.309964, -1.582008
2024-04-04 16:23:56 0.636630, 0.030219, 0.747031, -0.051083, -1.309964, -1.582008
2024-04-04 16:23:56 0.636630, 0.030219, 0.747031, -0.051083, -1.309964, -1.582008
2024-04-04 16:23:56 0.636630, 0.030219, 0.747031, -0.051083, -1.309964, -1.582008
2024-04-04 16:23:56 0.636630, 0.030219, 0.747031, -0.051083, -1.309964, -1.582008
2024-04-04 16:23:56 0.636630, 0.030219, 0.747031, -0.051083, -1.309964, -1.582008
2024-04-04 16:23:56 0.636630, 0.030219, 0.747031, -0.051083, -1.309964, -1.582008
2024-04-04 16:23:56 0.636630, 0.030219, 0.747031, -0.051083, -1.309964, -1.582008
2024-04-04 16:23:56 0.636630, 0.030219, 0.747031, -0.051083, -1.309964, -1.582008
2024-04-04 16:23:56 0.636630, 0.030219, 0.747031, -0.051083, -1.309964, -1.582008
2024-04-04 16:23:56 0.636630, 0.030219, 0.747031, -0.051083, -1.309964, -1.582008
2024-04-04 16:23:56 0.636630, 0.030219, 0.747031, -0.051083, -1.309964, -1.582008
2024-04-04 16:23:56 0.636630, 0.030219, 0.747031, -0.051083, -1.309964, -1.582008
2024-04-04 16:23:56 0.636630, 0.030219, 0.747031, -0.051083, -1.309964, -1.582008
2024-04-04 16:23:56 0.636630, 0.030219, 0.747031, -0.051083, -1.309964, -1.582008
2024-04-04 16:23:56 0.636630, 0.030219, 0.747031, -0.051083, -1.309964, -1.582008
2024-04-04 16:23:56 0.636630, 0.030219, 0.747031, -0.051083, -1.309964, -1.582008
2024-04-04 16:23:56 0.636630, 0.030219, 0.747031, -0.051083, -1.309964, -1.582008
2024-04-04 16:23:56 0.636630, 0.030219, 0.747031, -0.051083, -1.309964, -1.582008
2024-04-04 16:23:56 0.636630, 0.030219, 0.747031, -0.051083, -1.309964, -1.582008
2024-04-04 16:23:56 0.636630, 0.030219, 0.747031, -0.051083, -1.309964, -1.582008
2024-04-04 16:23:56 0.636630, 0.030219, 0.747031, -0.051083, -1.309964, -1.582008
2024-04-04 16:23:56 0.636630, 0.030219, 0.747031, -0.051083, -1.309964, -1.582008
2024-04-04 16:23:56 0.636630, 0.030219, 0.747031, -0.051083, -1.309964, -1.582008
2024-04-04 16:23:56 0.636630, 0.030219, 0.747031, -0.051083, -1.309964, -1.582008
2024-04-04 16:23:56 0.636630, 0.030219, 0.747031, -0.051083, -1.309964, -1.582008
2024-04-04 16:23:56 0.636630, 0.030219, 0.747031, -0.051083, -1.309964, -1.582008
2024-04-04 16:23:56 0.636630, 0.030219, 0.747031, -0.051083, -1.309964, -1.582008
2024-04-04 16:23:56 0.636630, 0.030219, 0.747031, -0.051083, -1.309964, -1.582008
2024-04-04 16:23:56 0.636630, 0.030219, 0.747031, -0.051083, -1.309964, -1.582008
2024-04-04 16:23:56 0.636630, 0.030219, 0.747031, -0.051083, -1.309964, -1.582008
2024-04-04 16:23:56 0.636630, 0.030219, 0.747031, -0.051083, -1.309964, -1.582008
2024-04-04 16:23:56 0.636630, 0.030219, 0.747031, -0.051083, -1.309964, -1.582008
2024-04-04 16:23:56 0.636630, 0.030219, 0.747031, -0.051083, -1.309964, -1.582008
2024-04-04 16:23:56 0.636630, 0.030219, 0.747031, -0.051083, -1.309964, -1.582008
2024-04-04 16:23:56 0.636630, 0.030219, 0.747031, -0.051083, -1.309964, -1.582008
2024-04-04 16:23:56 0.636630, 0.030219, 0.747031, -0.051083, -1.309964, -1.582008
2024-04-04 16:23:56 0.636630, 0.030219, 0.747031, -0.051083, -1.309964, -1.582008
2024-04-04 16:23:56 0.636630, 0.030219, 0.747031, -0.051083, -1.309964, -1.582008
2024-04-04 16:23:56 0.636630, 0.030219, 0.747031, -0.051083, -1.309964, -1.582008
2024-04-04 16:23:56 0.636630, 0.030219, 0.747031, -0.051083, -1.309964, -1.582008
2024-04-04 16:23:56 0.636630, 0.030219, 0.747031, -0.051083, -1.309964, -1.582008
2024-04-04 16:23:56 0.636630, 0.030219, 0.747031, -0.051083, -1.309964, -1.582008
2024-04-04 16:23:56 0.636630, 0.030219, 0.747031, -0.051083, -1.309964, -1.582008
2024-04-04 16:23:56 0.636630, 0.030219, 0.747031, -0.051083, -1.309964, -1.582008
2024-04-04 16:23:56 0.636630, 0.030219, 0.747031, -0.051083, -1.309964, -1.582008
2024-04-04 16:23:56 0.636630, 0.030219, 0.747031, -0.051083, -1.309964, -1.582008
2024-04-04 16:23:56 0.636630, 0.030219, 0.747031, -0.051083, -1.309964, -1.582008
2024-04-04 16:23:56 0.636630, 0.030219, 0.747031, -0.051083, -1.309964, -1.582008
2024-04-04 16:23:57 0.636630, 0.030219, 0.747031, -0.051083, -1.309964, -1.582008
2024-04-04 16:23:57 0.636630, 0.030219, 0.747031, -0.051083, -1.309964, -1.582008
2024-04-04 16:23:57 0.636630, 0.030219, 0.747031, -0.051083, -1.309964, -1.582008
2024-04-04 16:23:57 0.636630, 0.030219, 0.747031, -0.051083, -1.309964, -1.582008
2024-04-04 16:23:57 0.636630, 0.030219, 0.747031, -0.051083, -1.309964, -1.582008
2024-04-04 16:23:57 0.636630, 0.030219, 0.747031, -0.051083, -1.309964, -1.582008
2024-04-04 16:23:57 0.636630, 0.030219, 0.747031, -0.051083, -1.309964, -1.582008
2024-04-04 16:23:57 0.636630, 0.030219, 0.747031, -0.051083, -1.309964, -1.582008
2024-04-04 16:23:57 0.636630, 0.030219, 0.747031, -0.051083, -1.309964, -1.582008
2024-04-04 16:23:57 0.636630, 0.030219, 0.747031, -0.051083, -1.309964, -1.582008
2024-04-04 16:23:57 0.636630, 0.030219, 0.747031, -0.051083, -1.309964, -1.582008
2024-04-04 16:23:57 0.636630, 0.030219, 0.747031, -0.051083, -1.309964, -1.582008
2024-04-04 16:23:57 0.636630, 0.030219, 0.747031, -0.051083, -1.309964, -1.582008
2024-04-04 16:23:57 0.636630, 0.030219, 0.747031, -0.051083, -1.309964, -1.582008
2024-04-04 16:23:57 0.636630, 0.030219, 0.747031, -0.051083, -1.309964, -1.582008
2024-04-04 16:23:57 0.636630, 0.030219, 0.747031, -0.051083, -1.309964, -1.582008
2024-04-04 16:23:57 0.636630, 0.030219, 0.747031, -0.051083, -1.309964, -1.582008
2024-04-04 16:23:57 0.636630, 0.030219, 0.747031, -0.051083, -1.309964, -1.582008
2024-04-04 16:23:57 0.636630, 0.030219, 0.747031, -0.051083, -1.309964, -1.582008
2024-04-04 16:23:57 0.636630, 0.030219, 0.747031, -0.051083, -1.309964, -1.582008
2024-04-04 16:23:57 0.636630, 0.030219, 0.747031, -0.051083, -1.309964, -1.582008
2024-04-04 16:23:57 0.636630, 0.030219, 0.747031, -0.051083, -1.309964, -1.582008
2024-04-04 16:23:57 0.636630, 0.030219, 0.747031, -0.051083, -1.309964, -1.582008
2024-04-04 16:23:57 0.636630, 0.030219, 0.747031, -0.051083, -1.309964, -1.582008
2024-04-04 16:23:57 0.636630, 0.030219, 0.747031, -0.051083, -1.309964, -1.582008
2024-04-04 16:23:57 0.636630, 0.030219, 0.747031, -0.051083, -1.309964, -1.582008
2024-04-04 16:23:57 0.636630, 0.030219, 0.747031, -0.051083, -1.309964, -1.582008
2024-04-04 16:23:57 0.636630, 0.030219, 0.747031, -0.051083, -1.309964, -1.582008
2024-04-04 16:23:57 0.636630, 0.030219, 0.747031, -0.051083, -1.309964, -1.582008
2024-04-04 16:23:57 0.636630, 0.030219, 0.747031, -0.051083, -1.309964, -1.582008
2024-04-04 16:23:57 0.636630, 0.030219, 0.747031, -0.051083, -1.309964, -1.582008
2024-04-04 16:23:57 0.636630, 0.030219, 0.747031, -0.051083, -1.309964, -1.582008
2024-04-04 16:23:57 0.636630, 0.030219, 0.747031, -0.051083, -1.309964, -1.582008
2024-04-04 16:23:57 0.636630, 0.030219, 0.747031, -0.051083, -1.309964, -1.582008
2024-04-04 16:23:57 0.636630, 0.030219, 0.747031, -0.051083, -1.309964, -1.582008
2024-04-04 16:23:57 0.636630, 0.030219, 0.747031, -0.051083, -1.309964, -1.582008
2024-04-04 16:23:57 0.636630, 0.030219, 0.747031, -0.051083, -1.309964, -1.582008
2024-04-04 16:23:57 0.636630, 0.030219, 0.747031, -0.051083, -1.309964, -1.582008
2024-04-04 16:23:57 0.636630, 0.030219, 0.747031, -0.051083, -1.309964, -1.582008
2024-04-04 16:23:57 0.636630, 0.030219, 0.747031, -0.051083, -1.309964, -1.582008
2024-04-04 16:23:57 0.636630, 0.030219, 0.747031, -0.051083, -1.309964, -1.582008
2024-04-04 16:23:57 0.636630, 0.030219, 0.747031, -0.051083, -1.309964, -1.582008
2024-04-04 16:23:57 0.636630, 0.030219, 0.747031, -0.051083, -1.309964, -1.582008
2024-04-04 16:23:57 0.636630, 0.030219, 0.747031, -0.051083, -1.309964, -1.582008
2024-04-04 16:23:57 0.636630, 0.030219, 0.747031, -0.051083, -1.309964, -1.582008
2024-04-04 16:23:57 0.636630, 0.030219, 0.747031, -0.051083, -1.309964, -1.582008
2024-04-04 16:23:57 0.636630, 0.030219, 0.747031, -0.051083, -1.309964, -1.582008
2024-04-04 16:23:57 0.636630, 0.030219, 0.747031, -0.051083, -1.309964, -1.582008
2024-04-04 16:23:57 0.636630, 0.030219, 0.747031, -0.051083, -1.309964, -1.582008
2024-04-04 16:23:57 0.636630, 0.030219, 0.747031, -0.051083, -1.309964, -1.582008
2024-04-04 16:23:57 0.636630, 0.030219, 0.747031, -0.051083, -1.309964, -1.582008
2024-04-04 16:23:57 0.636630, 0.030219, 0.747031, -0.051083, -1.309964, -1.582008
2024-04-04 16:23:57 0.636630, 0.030219, 0.747031, -0.051083, -1.309964, -1.582008
2024-04-04 16:23:57 0.636630, 0.030219, 0.747031, -0.051083, -1.309964, -1.582008
2024-04-04 16:23:57 0.636630, 0.030219, 0.747031, -0.051083, -1.309964, -1.582008
2024-04-04 16:23:57 0.636630, 0.030219, 0.747031, -0.051083, -1.309964, -1.582008
2024-04-04 16:23:57 0.636630, 0.030219, 0.747031, -0.051083, -1.309964, -1.582008
2024-04-04 16:23:57 0.636630, 0.030219, 0.747031, -0.051083, -1.309964, -1.582008
2024-04-04 16:23:57 0.636630, 0.030219, 0.747031, -0.051083, -1.309964, -1.582008
2024-04-04 16:23:57 0.636630, 0.030219, 0.747031, -0.051083, -1.309964, -1.582008
2024-04-04 16:23:57 0.636630, 0.030219, 0.747031, -0.051083, -1.309964, -1.582008
2024-04-04 16:23:57 0.636630, 0.030219, 0.747031, -0.051083, -1.309964, -1.582008
2024-04-04 16:23:57 0.636630, 0.030219, 0.747031, -0.051083, -1.309964, -1.582008
2024-04-04 16:23:57 0.636630, 0.030219, 0.747031, -0.051083, -1.309964, -1.582008
2024-04-04 16:23:58 0.636630, 0.030219, 0.747031, -0.051083, -1.309964, -1.582008
2024-04-04 16:23:58 0.636630, 0.030219, 0.747031, -0.051083, -1.309964, -1.582008
2024-04-04 16:23:58 0.636630, 0.030219, 0.747031, -0.051083, -1.309964, -1.582008
2024-04-04 16:23:58 0.636630, 0.030219, 0.747031, -0.051083, -1.309964, -1.582008
2024-04-04 16:23:58 0.636630, 0.030219, 0.747031, -0.051083, -1.309964, -1.582008
2024-04-04 16:23:58 0.636630, 0.030219, 0.747031, -0.051083, -1.309964, -1.582008
2024-04-04 16:23:58 0.636630, 0.030219, 0.747031, -0.051083, -1.309964, -1.582008
2024-04-04 16:23:58 0.636630, 0.030219, 0.747031, -0.051083, -1.309964, -1.582008
2024-04-04 16:23:58 0.636630, 0.030219, 0.747031, -0.051083, -1.309964, -1.582008
2024-04-04 16:23:58 0.636630, 0.030219, 0.747031, -0.051083, -1.309964, -1.582008
2024-04-04 16:23:58 0.636630, 0.030219, 0.747031, -0.051083, -1.309964, -1.582008
2024-04-04 16:23:58 0.636630, 0.030219, 0.747031, -0.051083, -1.309964, -1.582008
2024-04-04 16:23:58 0.636630, 0.030219, 0.747031, -0.051083, -1.309964, -1.582008
2024-04-04 16:23:58 0.636630, 0.030219, 0.747031, -0.051083, -1.309964, -1.582008
2024-04-04 16:23:58 0.636630, 0.030219, 0.747031, -0.051083, -1.309964, -1.582008
2024-04-04 16:23:58 0.636630, 0.030219, 0.747031, -0.051083, -1.309964, -1.582008
2024-04-04 16:23:58 0.636630, 0.030219, 0.747031, -0.051083, -1.309964, -1.582008
2024-04-04 16:23:58 0.636630, 0.030219, 0.747031, -0.051083, -1.309964, -1.582008
2024-04-04 16:23:58 0.636630, 0.030219, 0.747031, -0.051083, -1.309964, -1.582008
2024-04-04 16:23:58 0.636630, 0.030219, 0.747031, -0.051083, -1.309964, -1.582008
2024-04-04 16:23:58 0.636630, 0.030219, 0.747031, -0.051083, -1.309964, -1.582008
2024-04-04 16:23:58 0.636630, 0.030219, 0.747031, -0.051083, -1.309964, -1.582008
2024-04-04 16:23:58 0.636630, 0.030219, 0.747031, -0.051083, -1.309964, -1.582008
2024-04-04 16:23:58 0.636630, 0.030219, 0.747031, -0.051083, -1.309964, -1.582008
2024-04-04 16:23:58 0.636630, 0.030219, 0.747031, -0.051083, -1.309964, -1.582008
2024-04-04 16:23:58 0.636630, 0.030219, 0.747031, -0.051083, -1.309964, -1.582008
2024-04-04 16:23:58 0.636630, 0.030219, 0.747031, -0.051083, -1.309964, -1.582008
2024-04-04 16:23:58 0.636630, 0.030219, 0.747031, -0.051083, -1.309964, -1.582008
2024-04-04 16:23:58 0.636630, 0.030219, 0.747031, -0.051083, -1.309964, -1.582008
2024-04-04 16:23:58 0.636630, 0.030219, 0.747031, -0.051083, -1.309964, -1.582008
2024-04-04 16:23:58 0.636630, 0.030219, 0.747031, -0.051083, -1.309964, -1.582008
2024-04-04 16:23:58 0.636630, 0.030219, 0.747031, -0.051083, -1.309964, -1.582008
2024-04-04 16:23:58 0.636630, 0.030219, 0.747031, -0.051083, -1.309964, -1.582008
2024-04-04 16:23:58 0.636630, 0.030219, 0.747031, -0.051083, -1.309964, -1.582008
2024-04-04 16:23:58 0.636630, 0.030219, 0.747031, -0.051083, -1.309964, -1.582008
2024-04-04 16:23:58 0.636630, 0.030219, 0.747031, -0.051083, -1.309964, -1.582008
2024-04-04 16:23:58 0.636630, 0.030219, 0.747031, -0.051083, -1.309964, -1.582008
2024-04-04 16:23:58 0.636630, 0.030219, 0.747031, -0.051083, -1.309964, -1.582008
2024-04-04 16:23:58 0.636630, 0.030219, 0.747031, -0.051083, -1.309964, -1.582008
2024-04-04 16:23:58 0.636630, 0.030219, 0.747031, -0.051083, -1.309964, -1.582008
2024-04-04 16:23:58 0.636630, 0.030219, 0.747031, -0.051083, -1.309964, -1.582008
2024-04-04 16:23:58 0.636630, 0.030219, 0.747031, -0.051083, -1.309964, -1.582008
2024-04-04 16:23:58 0.636630, 0.030219, 0.747031, -0.051083, -1.309964, -1.582008
2024-04-04 16:23:58 0.636630, 0.030219, 0.747031, -0.051083, -1.309964, -1.582008
2024-04-04 16:23:58 0.636630, 0.030219, 0.747031, -0.051083, -1.309964, -1.582008
2024-04-04 16:23:58 0.636630, 0.030219, 0.747031, -0.051083, -1.309964, -1.582008
2024-04-04 16:23:58 0.636630, 0.030219, 0.747031, -0.051083, -1.309964, -1.582008
2024-04-04 16:23:58 0.636630, 0.030219, 0.747031, -0.051083, -1.309964, -1.582008
2024-04-04 16:23:58 0.636630, 0.030219, 0.747031, -0.051083, -1.309964, -1.582008
2024-04-04 16:23:58 0.636630, 0.030219, 0.747031, -0.051083, -1.309964, -1.582008
2024-04-04 16:23:58 0.636630, 0.030219, 0.747031, -0.051083, -1.309964, -1.582008
2024-04-04 16:23:58 0.636630, 0.030219, 0.747031, -0.051083, -1.309964, -1.582008
2024-04-04 16:23:58 0.636630, 0.030219, 0.747031, -0.051083, -1.309964, -1.582008
2024-04-04 16:23:58 0.636630, 0.030219, 0.747031, -0.051083, -1.309964, -1.582008
2024-04-04 16:23:58 0.636630, 0.030219, 0.747031, -0.051083, -1.309964, -1.582008
2024-04-04 16:23:58 0.636630, 0.030219, 0.747031, -0.051083, -1.309964, -1.582008
2024-04-04 16:23:58 0.636630, 0.030219, 0.747031, -0.051083, -1.309964, -1.582008
2024-04-04 16:23:58 0.636630, 0.030219, 0.747031, -0.051083, -1.309964, -1.582008
2024-04-04 16:23:58 0.636630, 0.030219, 0.747031, -0.051083, -1.309964, -1.582008
2024-04-04 16:23:58 0.636630, 0.030219, 0.747031, -0.051083, -1.309964, -1.582008
2024-04-04 16:23:58 0.636630, 0.030219, 0.747031, -0.051083, -1.309964, -1.582008
2024-04-04 16:23:58 0.636630, 0.030219, 0.747031, -0.051083, -1.309964, -1.582008
2024-04-04 16:23:58 0.636630, 0.030219, 0.747031, -0.051083, -1.309964, -1.582008
2024-04-04 16:23:58 0.636630, 0.030219, 0.747031, -0.051083, -1.309964, -1.582008
2024-04-04 16:23:59 0.636630, 0.030219, 0.747031, -0.051083, -1.309964, -1.582008
2024-04-04 16:23:59 0.636630, 0.030219, 0.747031, -0.051083, -1.309964, -1.582008
2024-04-04 16:23:59 0.636630, 0.030219, 0.747031, -0.051083, -1.309964, -1.582008
2024-04-04 16:23:59 0.636630, 0.030219, 0.747031, -0.051083, -1.309964, -1.582008
2024-04-04 16:23:59 0.636630, 0.030219, 0.747031, -0.051083, -1.309964, -1.582008
2024-04-04 16:23:59 0.636630, 0.030219, 0.747031, -0.051083, -1.309964, -1.582008
2024-04-04 16:23:59 0.636630, 0.030219, 0.747031, -0.051083, -1.309964, -1.582008
2024-04-04 16:23:59 0.636630, 0.030219, 0.747031, -0.051083, -1.309964, -1.582008
2024-04-04 16:23:59 0.636630, 0.030219, 0.747031, -0.051083, -1.309964, -1.582008
2024-04-04 16:23:59 0.636630, 0.030219, 0.747031, -0.051083, -1.309964, -1.582008
2024-04-04 16:23:59 0.636630, 0.030219, 0.747031, -0.051083, -1.309964, -1.582008
2024-04-04 16:23:59 0.636630, 0.030219, 0.747031, -0.051083, -1.309964, -1.582008
2024-04-04 16:23:59 0.636630, 0.030219, 0.747031, -0.051083, -1.309964, -1.582008
2024-04-04 16:23:59 0.636630, 0.030219, 0.747031, -0.051083, -1.309964, -1.582008
2024-04-04 16:23:59 0.636630, 0.030219, 0.747031, -0.051083, -1.309964, -1.582008
2024-04-04 16:23:59 0.636630, 0.030219, 0.747031, -0.051083, -1.309964, -1.582008
2024-04-04 16:23:59 0.636630, 0.030219, 0.747031, -0.051083, -1.309964, -1.582008
2024-04-04 16:23:59 0.636630, 0.030219, 0.747031, -0.051083, -1.309964, -1.582008
2024-04-04 16:23:59 0.636630, 0.030219, 0.747031, -0.051083, -1.309964, -1.582008
2024-04-04 16:23:59 0.636630, 0.030219, 0.747031, -0.051083, -1.309964, -1.582008
2024-04-04 16:23:59 0.636630, 0.030219, 0.747031, -0.051083, -1.309964, -1.582008
2024-04-04 16:23:59 0.636630, 0.030219, 0.747031, -0.051083, -1.309964, -1.582008
2024-04-04 16:23:59 0.636630, 0.030219, 0.747031, -0.051083, -1.309964, -1.582008
2024-04-04 16:23:59 0.636630, 0.030219, 0.747031, -0.051083, -1.309964, -1.582008
2024-04-04 16:23:59 0.636630, 0.030219, 0.747031, -0.051083, -1.309964, -1.582008
2024-04-04 16:23:59 0.636630, 0.030219, 0.747031, -0.051083, -1.309964, -1.582008
2024-04-04 16:23:59 0.636630, 0.030219, 0.747031, -0.051083, -1.309964, -1.582008
2024-04-04 16:23:59 0.636630, 0.030219, 0.747031, -0.051083, -1.309964, -1.582008
2024-04-04 16:23:59 0.636630, 0.030219, 0.747031, -0.051083, -1.309964, -1.582008
2024-04-04 16:23:59 0.636630, 0.030219, 0.747031, -0.051083, -1.309964, -1.582008
2024-04-04 16:23:59 0.636630, 0.030219, 0.747031, -0.051083, -1.309964, -1.582008
2024-04-04 16:23:59 0.636630, 0.030219, 0.747031, -0.051083, -1.309964, -1.582008
2024-04-04 16:23:59 0.636630, 0.030219, 0.747031, -0.051083, -1.309964, -1.582008
2024-04-04 16:23:59 0.636630, 0.030219, 0.747031, -0.051083, -1.309964, -1.582008
2024-04-04 16:23:59 0.636630, 0.030219, 0.747031, -0.051083, -1.309964, -1.582008
2024-04-04 16:23:59 0.636630, 0.030219, 0.747031, -0.051083, -1.309964, -1.582008
2024-04-04 16:23:59 0.636630, 0.030219, 0.747031, -0.051083, -1.309964, -1.582008
2024-04-04 16:23:59 0.636630, 0.030219, 0.747031, -0.051083, -1.309964, -1.582008
2024-04-04 16:23:59 0.636630, 0.030219, 0.747031, -0.051083, -1.309964, -1.582008
2024-04-04 16:23:59 0.636630, 0.030219, 0.747031, -0.051083, -1.309964, -1.582008
2024-04-04 16:23:59 0.636630, 0.030219, 0.747031, -0.051083, -1.309964, -1.582008
2024-04-04 16:23:59 0.636630, 0.030219, 0.747031, -0.051083, -1.309964, -1.582008
2024-04-04 16:23:59 0.636630, 0.030219, 0.747031, -0.051083, -1.309964, -1.582008
2024-04-04 16:23:59 0.636630, 0.030219, 0.747031, -0.051083, -1.309964, -1.582008
2024-04-04 16:23:59 0.636630, 0.030219, 0.747031, -0.051083, -1.309964, -1.582008
2024-04-04 16:23:59 0.636630, 0.030219, 0.747031, -0.051083, -1.309964, -1.582008
2024-04-04 16:23:59 0.636630, 0.030219, 0.747031, -0.051083, -1.309964, -1.582008
2024-04-04 16:23:59 0.636630, 0.030219, 0.747031, -0.051083, -1.309964, -1.582008
2024-04-04 16:23:59 0.636630, 0.030219, 0.747031, -0.051083, -1.309964, -1.582008
2024-04-04 16:23:59 0.636630, 0.030219, 0.747031, -0.051083, -1.309964, -1.582008
2024-04-04 16:23:59 0.636630, 0.030219, 0.747031, -0.051083, -1.309964, -1.582008
2024-04-04 16:23:59 0.636630, 0.030219, 0.747031, -0.051083, -1.309964, -1.582008
2024-04-04 16:23:59 0.636630, 0.030219, 0.747031, -0.051083, -1.309964, -1.582008
2024-04-04 16:23:59 0.636630, 0.030219, 0.747031, -0.051083, -1.309964, -1.582008
2024-04-04 16:23:59 0.636630, 0.030219, 0.747031, -0.051083, -1.309964, -1.582008
2024-04-04 16:23:59 0.636630, 0.030219, 0.747031, -0.051083, -1.309964, -1.582008
2024-04-04 16:23:59 0.636630, 0.030219, 0.747031, -0.051083, -1.309964, -1.582008
2024-04-04 16:23:59 0.636630, 0.030219, 0.747031, -0.051083, -1.309964, -1.582008
2024-04-04 16:23:59 0.636630, 0.030219, 0.747031, -0.051083, -1.309964, -1.582008
2024-04-04 16:23:59 0.636630, 0.030219, 0.747031, -0.051083, -1.309964, -1.582008
2024-04-04 16:23:59 0.636630, 0.030219, 0.747031, -0.051083, -1.309964, -1.582008
2024-04-04 16:23:59 0.636630, 0.030219, 0.747031, -0.051083, -1.309964, -1.582008
2024-04-04 16:23:59 0.636630, 0.030219, 0.747031, -0.051083, -1.309964, -1.582008
2024-04-04 16:23:59 0.636630, 0.030219, 0.747031, -0.051083, -1.309964, -1.582008
2024-04-04 16:24:00 0.636630, 0.030219, 0.747031, -0.051083, -1.309964, -1.582008
2024-04-04 16:24:00 0.636630, 0.030219, 0.747031, -0.051083, -1.309964, -1.582008
2024-04-04 16:24:00 0.636630, 0.030219, 0.747031, -0.051083, -1.309964, -1.582008
2024-04-04 16:24:00 0.636630, 0.030219, 0.747031, -0.051083, -1.309964, -1.582008
2024-04-04 16:24:00 0.636630, 0.030219, 0.747031, -0.051083, -1.309964, -1.582008
2024-04-04 16:24:00 0.636630, 0.030219, 0.747031, -0.051083, -1.309964, -1.582008
2024-04-04 16:24:00 0.636630, 0.030219, 0.747031, -0.051083, -1.309964, -1.582008
2024-04-04 16:24:00 0.636630, 0.030219, 0.747031, -0.051083, -1.309964, -1.582008
2024-04-04 16:24:00 0.636630, 0.030219, 0.747031, -0.051083, -1.309964, -1.582008
2024-04-04 16:24:00 0.636630, 0.030219, 0.747031, -0.051083, -1.309964, -1.582008
2024-04-04 16:24:00 0.636630, 0.030219, 0.747031, -0.051083, -1.309964, -1.582008
2024-04-04 16:24:00 0.636630, 0.030219, 0.747031, -0.051083, -1.309964, -1.582008
2024-04-04 16:24:00 0.636630, 0.030219, 0.747031, -0.051083, -1.309964, -1.582008
2024-04-04 16:24:00 0.636630, 0.030219, 0.747031, -0.051083, -1.309964, -1.582008
2024-04-04 16:24:00 0.636630, 0.030219, 0.747031, -0.051083, -1.309964, -1.582008
2024-04-04 16:24:00 0.636630, 0.030219, 0.747031, -0.051083, -1.309964, -1.582008
2024-04-04 16:24:00 0.636630, 0.030219, 0.747031, -0.051083, -1.309964, -1.582008
2024-04-04 16:24:00 0.636630, 0.030219, 0.747031, -0.051083, -1.309964, -1.582008
2024-04-04 16:24:00 0.636630, 0.030219, 0.747031, -0.051083, -1.309964, -1.582008
2024-04-04 16:24:00 0.636630, 0.030219, 0.747031, -0.051083, -1.309964, -1.582008
2024-04-04 16:24:00 0.636630, 0.030219, 0.747031, -0.051083, -1.309964, -1.582008
2024-04-04 16:24:00 0.636630, 0.030219, 0.747031, -0.051083, -1.309964, -1.582008
2024-04-04 16:24:00 0.636630, 0.030219, 0.747031, -0.051083, -1.309964, -1.582008
2024-04-04 16:24:00 0.636630, 0.030219, 0.747031, -0.051083, -1.309964, -1.582008
2024-04-04 16:24:00 0.636630, 0.030219, 0.747031, -0.051083, -1.309964, -1.582008
2024-04-04 16:24:00 0.636630, 0.030219, 0.747031, -0.051083, -1.309964, -1.582008
2024-04-04 16:24:00 0.636630, 0.030219, 0.747031, -0.051083, -1.309964, -1.582008
2024-04-04 16:24:00 0.636630, 0.030219, 0.747031, -0.051083, -1.309964, -1.582008
2024-04-04 16:24:00 0.636630, 0.030219, 0.747031, -0.051083, -1.309964, -1.582008
2024-04-04 16:24:00 0.636630, 0.030219, 0.747031, -0.051083, -1.309964, -1.582008
2024-04-04 16:24:00 0.636630, 0.030219, 0.747031, -0.051083, -1.309964, -1.582008
2024-04-04 16:24:00 0.636630, 0.030219, 0.747031, -0.051083, -1.309964, -1.582008
2024-04-04 16:24:00 0.636630, 0.030219, 0.747031, -0.051083, -1.309964, -1.582008
2024-04-04 16:24:00 0.636630, 0.030219, 0.747031, -0.051083, -1.309964, -1.582008
2024-04-04 16:24:00 0.636630, 0.030219, 0.747031, -0.051083, -1.309964, -1.582008
2024-04-04 16:24:00 0.636630, 0.030219, 0.747031, -0.051083, -1.309964, -1.582008
2024-04-04 16:24:00 0.636630, 0.030219, 0.747031, -0.051083, -1.309964, -1.582008
2024-04-04 16:24:00 0.636630, 0.030219, 0.747031, -0.051083, -1.309964, -1.582008
2024-04-04 16:24:00 0.636630, 0.030219, 0.747031, -0.051083, -1.309964, -1.582008
2024-04-04 16:24:00 0.636630, 0.030219, 0.747031, -0.051083, -1.309964, -1.582008
2024-04-04 16:24:00 0.636630, 0.030219, 0.747031, -0.051083, -1.309964, -1.582008
2024-04-04 16:24:00 0.636630, 0.030219, 0.747031, -0.051083, -1.309964, -1.582008
2024-04-04 16:24:00 0.636630, 0.030219, 0.747031, -0.051083, -1.309964, -1.582008
2024-04-04 16:24:00 0.636630, 0.030219, 0.747031, -0.051083, -1.309964, -1.582008
2024-04-04 16:24:00 0.636630, 0.030219, 0.747031, -0.051083, -1.309964, -1.582008
2024-04-04 16:24:00 0.636630, 0.030219, 0.747031, -0.051083, -1.309964, -1.582008
2024-04-04 16:24:00 0.636630, 0.030219, 0.747031, -0.051083, -1.309964, -1.582008
2024-04-04 16:24:00 0.636630, 0.030219, 0.747031, -0.051083, -1.309964, -1.582008
2024-04-04 16:24:00 0.636630, 0.030219, 0.747031, -0.051083, -1.309964, -1.582008
2024-04-04 16:24:00 0.636630, 0.030219, 0.747031, -0.051083, -1.309964, -1.582008
2024-04-04 16:24:00 0.636630, 0.030219, 0.747031, -0.051083, -1.309964, -1.582008
2024-04-04 16:24:00 0.636630, 0.030219, 0.747031, -0.051083, -1.309964, -1.582008
2024-04-04 16:24:00 0.636630, 0.030219, 0.747031, -0.051083, -1.309964, -1.582008
2024-04-04 16:24:00 0.636630, 0.030219, 0.747031, -0.051083, -1.309964, -1.582008
2024-04-04 16:24:00 0.636630, 0.030219, 0.747031, -0.051083, -1.309964, -1.582008
2024-04-04 16:24:00 0.636630, 0.030219, 0.747031, -0.051083, -1.309964, -1.582008
2024-04-04 16:24:00 0.636630, 0.030219, 0.747031, -0.051083, -1.309964, -1.582008
2024-04-04 16:24:00 0.636630, 0.030219, 0.747031, -0.051083, -1.309964, -1.582008
2024-04-04 16:24:00 0.636630, 0.030219, 0.747031, -0.051083, -1.309964, -1.582008
2024-04-04 16:24:00 0.636630, 0.030219, 0.747031, -0.051083, -1.309964, -1.582008
2024-04-04 16:24:00 0.636630, 0.030219, 0.747031, -0.051083, -1.309964, -1.582008
2024-04-04 16:24:00 0.636630, 0.030219, 0.747031, -0.051083, -1.309964, -1.582008
2024-04-04 16:24:00 0.636630, 0.030219, 0.747031, -0.051083, -1.309964, -1.582008
2024-04-04 16:24:00 0.636630, 0.030219, 0.747031, -0.051083, -1.309964, -1.582008
2024-04-04 16:24:01 0.636630, 0.030219, 0.747031, -0.051083, -1.309964, -1.582008
2024-04-04 16:24:01 0.636630, 0.030219, 0.747031, -0.051083, -1.309964, -1.582008
2024-04-04 16:24:01 0.636630, 0.030219, 0.747031, -0.051083, -1.309964, -1.582008
2024-04-04 16:24:01 0.636630, 0.030219, 0.747031, -0.051083, -1.309964, -1.582008
2024-04-04 16:24:01 0.636630, 0.030219, 0.747031, -0.051083, -1.309964, -1.582008
2024-04-04 16:24:01 0.636630, 0.030219, 0.747031, -0.051083, -1.309964, -1.582008
2024-04-04 16:24:01 0.636630, 0.030219, 0.747031, -0.051083, -1.309964, -1.582008
2024-04-04 16:24:01 0.636630, 0.030219, 0.747031, -0.051083, -1.309964, -1.582008
2024-04-04 16:24:01 0.636630, 0.030219, 0.747031, -0.051083, -1.309964, -1.582008
2024-04-04 16:24:01 0.636630, 0.030219, 0.747031, -0.051083, -1.309964, -1.582008
2024-04-04 16:24:01 0.636630, 0.030219, 0.747031, -0.051083, -1.309964, -1.582008
2024-04-04 16:24:01 0.636630, 0.030219, 0.747031, -0.051083, -1.309964, -1.582008
2024-04-04 16:24:01 0.636630, 0.030219, 0.747031, -0.051083, -1.309964, -1.582008
2024-04-04 16:24:01 0.636630, 0.030219, 0.747031, -0.051083, -1.309964, -1.582008
2024-04-04 16:24:01 0.636630, 0.030219, 0.747031, -0.051083, -1.309964, -1.582008
2024-04-04 16:24:01 0.636630, 0.030219, 0.747031, -0.051083, -1.309964, -1.582008
2024-04-04 16:24:01 0.636630, 0.030219, 0.747031, -0.051083, -1.309964, -1.582008
2024-04-04 16:24:01 0.636630, 0.030219, 0.747031, -0.051083, -1.309964, -1.582008
2024-04-04 16:24:01 0.636630, 0.030219, 0.747031, -0.051083, -1.309964, -1.582008
2024-04-04 16:24:01 0.636630, 0.030219, 0.747031, -0.051083, -1.309964, -1.582008
2024-04-04 16:24:01 0.636630, 0.030219, 0.747031, -0.051083, -1.309964, -1.582008
2024-04-04 16:24:01 0.636630, 0.030219, 0.747031, -0.051083, -1.309964, -1.582008
2024-04-04 16:24:01 0.636630, 0.030219, 0.747031, -0.051083, -1.309964, -1.582008
2024-04-04 16:24:01 0.636630, 0.030219, 0.747031, -0.051083, -1.309964, -1.582008
2024-04-04 16:24:01 0.636630, 0.030219, 0.747031, -0.051083, -1.309964, -1.582008
2024-04-04 16:24:01 0.636630, 0.030219, 0.747031, -0.051083, -1.309964, -1.582008
2024-04-04 16:24:01 0.636630, 0.030219, 0.747031, -0.051083, -1.309964, -1.582008
2024-04-04 16:24:01 0.636630, 0.030219, 0.747031, -0.051083, -1.309964, -1.582008
2024-04-04 16:24:01 0.636630, 0.030219, 0.747031, -0.051083, -1.309964, -1.582008
2024-04-04 16:24:01 0.636630, 0.030219, 0.747031, -0.051083, -1.309964, -1.582008
2024-04-04 16:24:01 0.636630, 0.030219, 0.747031, -0.051083, -1.309964, -1.582008
2024-04-04 16:24:01 0.636630, 0.030219, 0.747031, -0.051083, -1.309964, -1.582008
2024-04-04 16:24:01 0.636630, 0.030219, 0.747031, -0.051083, -1.309964, -1.582008
2024-04-04 16:24:01 0.636630, 0.030219, 0.747031, -0.051083, -1.309964, -1.582008
2024-04-04 16:24:01 0.636630, 0.030219, 0.747031, -0.051083, -1.309964, -1.582008
2024-04-04 16:24:01 0.636630, 0.030219, 0.747031, -0.051083, -1.309964, -1.582008
2024-04-04 16:24:01 0.636630, 0.030219, 0.747031, -0.051083, -1.309964, -1.582008
2024-04-04 16:24:01 0.636630, 0.030219, 0.747031, -0.051083, -1.309964, -1.582008
2024-04-04 16:24:01 0.636630, 0.030219, 0.747031, -0.051083, -1.309964, -1.582008
2024-04-04 16:24:01 0.636630, 0.030219, 0.747031, -0.051083, -1.309964, -1.582008
2024-04-04 16:24:01 0.636630, 0.030219, 0.747031, -0.051083, -1.309964, -1.582008
2024-04-04 16:24:01 0.636630, 0.030219, 0.747031, -0.051083, -1.309964, -1.582008
2024-04-04 16:24:01 0.636630, 0.030219, 0.747031, -0.051083, -1.309964, -1.582008
2024-04-04 16:24:01 0.636630, 0.030219, 0.747031, -0.051083, -1.309964, -1.582008
2024-04-04 16:24:01 0.636630, 0.030219, 0.747031, -0.051083, -1.309964, -1.582008
2024-04-04 16:24:01 0.636630, 0.030219, 0.747031, -0.051083, -1.309964, -1.582008
2024-04-04 16:24:01 0.636630, 0.030219, 0.747031, -0.051083, -1.309964, -1.582008
2024-04-04 16:24:01 0.636630, 0.030219, 0.747031, -0.051083, -1.309964, -1.582008
2024-04-04 16:24:01 0.636630, 0.030219, 0.747031, -0.051083, -1.309964, -1.582008
2024-04-04 16:24:01 0.636630, 0.030219, 0.747031, -0.051083, -1.309964, -1.582008
2024-04-04 16:24:01 0.636630, 0.030219, 0.747031, -0.051083, -1.309964, -1.582008
2024-04-04 16:24:01 0.636630, 0.030219, 0.747031, -0.051083, -1.309964, -1.582008
2024-04-04 16:24:01 0.636630, 0.030219, 0.747031, -0.051083, -1.309964, -1.582008
2024-04-04 16:24:01 0.636630, 0.030219, 0.747031, -0.051083, -1.309964, -1.582008
2024-04-04 16:24:01 0.636630, 0.030219, 0.747031, -0.051083, -1.309964, -1.582008
2024-04-04 16:24:01 0.636630, 0.030219, 0.747031, -0.051083, -1.309964, -1.582008
2024-04-04 16:24:01 0.636630, 0.030219, 0.747031, -0.051083, -1.309964, -1.582008
2024-04-04 16:24:01 0.636630, 0.030219, 0.747031, -0.051083, -1.309964, -1.582008
2024-04-04 16:24:01 0.636630, 0.030219, 0.747031, -0.051083, -1.309964, -1.582008
2024-04-04 16:24:01 0.636630, 0.030219, 0.747031, -0.051083, -1.309964, -1.582008
2024-04-04 16:24:01 0.636630, 0.030219, 0.747031, -0.051083, -1.309964, -1.582008
2024-04-04 16:24:01 0.636630, 0.030219, 0.747031, -0.051083, -1.309964, -1.582008
2024-04-04 16:24:01 0.636630, 0.030219, 0.747031, -0.051083, -1.309964, -1.582008
2024-04-04 16:24:01 0.636630, 0.030219, 0.747031, -0.051083, -1.309964, -1.582008
2024-04-04 16:24:02 0.636630, 0.030219, 0.747031, -0.051083, -1.309964, -1.582008
2024-04-04 16:24:02 0.636630, 0.030219, 0.747031, -0.051083, -1.309964, -1.582008
2024-04-04 16:24:02 0.636630, 0.030219, 0.747031, -0.051083, -1.309964, -1.582008
2024-04-04 16:24:02 0.636630, 0.030219, 0.747031, -0.051083, -1.309964, -1.582008
2024-04-04 16:24:02 0.636630, 0.030219, 0.747031, -0.051083, -1.309964, -1.582008
2024-04-04 16:24:02 0.636630, 0.030219, 0.747031, -0.051083, -1.309964, -1.582008
2024-04-04 16:24:02 0.636630, 0.030219, 0.747031, -0.051083, -1.309964, -1.582008
2024-04-04 16:24:02 0.636630, 0.030219, 0.747031, -0.051083, -1.309964, -1.582008
2024-04-04 16:24:02 0.636630, 0.030219, 0.747031, -0.051083, -1.309964, -1.582008
2024-04-04 16:24:02 0.636630, 0.030219, 0.747031, -0.051083, -1.309964, -1.582008
2024-04-04 16:24:02 0.636630, 0.030219, 0.747031, -0.051083, -1.309964, -1.582008
2024-04-04 16:24:02 0.636630, 0.030219, 0.747031, -0.051083, -1.309964, -1.582008
2024-04-04 16:24:02 0.636630, 0.030219, 0.747031, -0.051083, -1.309964, -1.582008
2024-04-04 16:24:02 0.636630, 0.030219, 0.747031, -0.051083, -1.309964, -1.582008
2024-04-04 16:24:02 0.636630, 0.030219, 0.747031, -0.051083, -1.309964, -1.582008
2024-04-04 16:24:02 0.636630, 0.030219, 0.747031, -0.051083, -1.309964, -1.582008
2024-04-04 16:24:02 0.636630, 0.030219, 0.747031, -0.051083, -1.309964, -1.582008
2024-04-04 16:24:02 0.636630, 0.030219, 0.747031, -0.051083, -1.309964, -1.582008
2024-04-04 16:24:02 0.636630, 0.030219, 0.747031, -0.051083, -1.309964, -1.582008
2024-04-04 16:24:02 0.636630, 0.030219, 0.747031, -0.051083, -1.309964, -1.582008
2024-04-04 16:24:02 0.636630, 0.030219, 0.747031, -0.051083, -1.309964, -1.582008
2024-04-04 16:24:02 0.636630, 0.030219, 0.747031, -0.051083, -1.309964, -1.582008
2024-04-04 16:24:02 0.636630, 0.030219, 0.747031, -0.051083, -1.309964, -1.582008
2024-04-04 16:24:02 0.636630, 0.030219, 0.747031, -0.051083, -1.309964, -1.582008
2024-04-04 16:24:02 0.636630, 0.030219, 0.747031, -0.051083, -1.309964, -1.582008
2024-04-04 16:24:02 0.636630, 0.030219, 0.747031, -0.051083, -1.309964, -1.582008
2024-04-04 16:24:02 0.636630, 0.030219, 0.747031, -0.051083, -1.309964, -1.582008
2024-04-04 16:24:02 0.636630, 0.030219, 0.747031, -0.051083, -1.309964, -1.582008
2024-04-04 16:24:02 0.636630, 0.030219, 0.747031, -0.051083, -1.309964, -1.582008
2024-04-04 16:24:02 0.636630, 0.030219, 0.747031, -0.051083, -1.309964, -1.582008
2024-04-04 16:24:02 0.636630, 0.030219, 0.747031, -0.051083, -1.309964, -1.582008
2024-04-04 16:24:02 0.636630, 0.030219, 0.747031, -0.051083, -1.309964, -1.582008
2024-04-04 16:24:02 0.636630, 0.030219, 0.747031, -0.051083, -1.309964, -1.582008
2024-04-04 16:24:02 0.636630, 0.030219, 0.747031, -0.051083, -1.309964, -1.582008
2024-04-04 16:24:02 0.636630, 0.030219, 0.747031, -0.051083, -1.309964, -1.582008
2024-04-04 16:24:02 0.636630, 0.030219, 0.747031, -0.051083, -1.309964, -1.582008
2024-04-04 16:24:02 0.636630, 0.030219, 0.747031, -0.051083, -1.309964, -1.582008
2024-04-04 16:24:02 0.636630, 0.030219, 0.747031, -0.051083, -1.309964, -1.582008
2024-04-04 16:24:02 0.636630, 0.030219, 0.747031, -0.051083, -1.309964, -1.582008
2024-04-04 16:24:02 0.636630, 0.030219, 0.747031, -0.051083, -1.309964, -1.582008
2024-04-04 16:24:02 0.636630, 0.030219, 0.747031, -0.051083, -1.309964, -1.582008
2024-04-04 16:24:02 0.636630, 0.030219, 0.747031, -0.051083, -1.309964, -1.582008
2024-04-04 16:24:02 0.636630, 0.030219, 0.747031, -0.051083, -1.309964, -1.582008
2024-04-04 16:24:02 0.636630, 0.030219, 0.747031, -0.051083, -1.309964, -1.582008
2024-04-04 16:24:02 0.636630, 0.030219, 0.747031, -0.051083, -1.309964, -1.582008
2024-04-04 16:24:02 0.636630, 0.030219, 0.747031, -0.051083, -1.309964, -1.582008
2024-04-04 16:24:02 0.636630, 0.030219, 0.747031, -0.051083, -1.309964, -1.582008
2024-04-04 16:24:02 0.636630, 0.030219, 0.747031, -0.051083, -1.309964, -1.582008
2024-04-04 16:24:02 0.636630, 0.030219, 0.747031, -0.051083, -1.309964, -1.582008
2024-04-04 16:24:02 0.636630, 0.030219, 0.747031, -0.051083, -1.309964, -1.582008
2024-04-04 16:24:02 0.636630, 0.030219, 0.747031, -0.051083, -1.309964, -1.582008
2024-04-04 16:24:02 0.636630, 0.030219, 0.747031, -0.051083, -1.309964, -1.582008
2024-04-04 16:24:02 0.636630, 0.030219, 0.747031, -0.051083, -1.309964, -1.582008
2024-04-04 16:24:02 0.636630, 0.030219, 0.747031, -0.051083, -1.309964, -1.582008
2024-04-04 16:24:02 0.636630, 0.030219, 0.747031, -0.051083, -1.309964, -1.582008
2024-04-04 16:24:02 0.636630, 0.030219, 0.747031, -0.051083, -1.309964, -1.582008
2024-04-04 16:24:02 0.636630, 0.030219, 0.747031, -0.051083, -1.309964, -1.582008
2024-04-04 16:24:02 0.636630, 0.030219, 0.747031, -0.051083, -1.309964, -1.582008
2024-04-04 16:24:02 0.636630, 0.030219, 0.747031, -0.051083, -1.309964, -1.582008
2024-04-04 16:24:02 0.636630, 0.030219, 0.747031, -0.051083, -1.309964, -1.582008
2024-04-04 16:24:02 0.636630, 0.030219, 0.747031, -0.051083, -1.309964, -1.582008
2024-04-04 16:24:02 0.636630, 0.030219, 0.747031, -0.051083, -1.309964, -1.582008
2024-04-04 16:24:02 0.636630, 0.030219, 0.747031, -0.051083, -1.309964, -1.582008
2024-04-04 16:24:03 0.636630, 0.030219, 0.747031, -0.051083, -1.309964, -1.582008
2024-04-04 16:24:03 0.636630, 0.030219, 0.747031, -0.051083, -1.309964, -1.582008
2024-04-04 16:24:03 0.636630, 0.030219, 0.747031, -0.051083, -1.309964, -1.582008
2024-04-04 16:24:03 0.636630, 0.030219, 0.747031, -0.051083, -1.309964, -1.582008
2024-04-04 16:24:03 0.636630, 0.030219, 0.747031, -0.051083, -1.309964, -1.582008
2024-04-04 16:24:03 0.636630, 0.030219, 0.747031, -0.051083, -1.309964, -1.582008
2024-04-04 16:24:03 0.636630, 0.030219, 0.747031, -0.051083, -1.309964, -1.582008
2024-04-04 16:24:03 0.636630, 0.030219, 0.747031, -0.051083, -1.309964, -1.582008
2024-04-04 16:24:03 0.636630, 0.030219, 0.747031, -0.051083, -1.309964, -1.582008
2024-04-04 16:24:03 0.636630, 0.030219, 0.747031, -0.051083, -1.309964, -1.582008
2024-04-04 16:24:03 0.636630, 0.030219, 0.747031, -0.051083, -1.309964, -1.582008
2024-04-04 16:24:03 0.636630, 0.030219, 0.747031, -0.051083, -1.309964, -1.582008
2024-04-04 16:24:03 0.636630, 0.030219, 0.747031, -0.051083, -1.309964, -1.582008
2024-04-04 16:24:03 0.636630, 0.030219, 0.747031, -0.051083, -1.309964, -1.582008
2024-04-04 16:24:03 0.636630, 0.030219, 0.747031, -0.051083, -1.309964, -1.582008
2024-04-04 16:24:03 0.636630, 0.030219, 0.747031, -0.051083, -1.309964, -1.582008
2024-04-04 16:24:03 0.636630, 0.030219, 0.747031, -0.051083, -1.309964, -1.582008
2024-04-04 16:24:03 0.636630, 0.030219, 0.747031, -0.051083, -1.309964, -1.582008
2024-04-04 16:24:03 0.636630, 0.030219, 0.747031, -0.051083, -1.309964, -1.582008
2024-04-04 16:24:03 0.636630, 0.030219, 0.747031, -0.051083, -1.309964, -1.582008
2024-04-04 16:24:03 0.636630, 0.030219, 0.747031, -0.051083, -1.309964, -1.582008
2024-04-04 16:24:03 0.636630, 0.030219, 0.747031, -0.051083, -1.309964, -1.582008
2024-04-04 16:24:03 0.636630, 0.030219, 0.747031, -0.051083, -1.309964, -1.582008
2024-04-04 16:24:03 0.636630, 0.030219, 0.747031, -0.051083, -1.309964, -1.582008
2024-04-04 16:24:03 0.636630, 0.030219, 0.747031, -0.051083, -1.309964, -1.582008
2024-04-04 16:24:03 0.636630, 0.030219, 0.747031, -0.051083, -1.309964, -1.582008
2024-04-04 16:24:03 0.636630, 0.030219, 0.747031, -0.051083, -1.309964, -1.582008
2024-04-04 16:24:03 0.636630, 0.030219, 0.747031, -0.051083, -1.309964, -1.582008
2024-04-04 16:24:03 0.636630, 0.030219, 0.747031, -0.051083, -1.309964, -1.582008
2024-04-04 16:24:03 0.636630, 0.030219, 0.747031, -0.051083, -1.309964, -1.582008
2024-04-04 16:24:03 0.636630, 0.030219, 0.747031, -0.051083, -1.309964, -1.582008
2024-04-04 16:24:03 0.636630, 0.030219, 0.747031, -0.051083, -1.309964, -1.582008
2024-04-04 16:24:03 0.636630, 0.030219, 0.747031, -0.051083, -1.309964, -1.582008
2024-04-04 16:24:03 0.636630, 0.030219, 0.747031, -0.051083, -1.309964, -1.582008
2024-04-04 16:24:03 0.636630, 0.030219, 0.747031, -0.051083, -1.309964, -1.582008
2024-04-04 16:24:03 0.636630, 0.030219, 0.747031, -0.051083, -1.309964, -1.582008
2024-04-04 16:24:03 0.636630, 0.030219, 0.747031, -0.051083, -1.309964, -1.582008
2024-04-04 16:24:03 0.636630, 0.030219, 0.747031, -0.051083, -1.309964, -1.582008
2024-04-04 16:24:03 0.636630, 0.030219, 0.747031, -0.051083, -1.309964, -1.582008
2024-04-04 16:24:03 0.636630, 0.030219, 0.747031, -0.051083, -1.309964, -1.582008
2024-04-04 16:24:03 0.636630, 0.030219, 0.747031, -0.051083, -1.309964, -1.582008
2024-04-04 16:24:03 0.636630, 0.030219, 0.747031, -0.051083, -1.309964, -1.582008
2024-04-04 16:24:03 0.636630, 0.030219, 0.747031, -0.051083, -1.309964, -1.582008
2024-04-04 16:24:03 0.636630, 0.030219, 0.747031, -0.051083, -1.309964, -1.582008
2024-04-04 16:24:03 0.636630, 0.030219, 0.747031, -0.051083, -1.309964, -1.582008
2024-04-04 16:24:03 0.636630, 0.030219, 0.747031, -0.051083, -1.309964, -1.582008
2024-04-04 16:24:03 0.636630, 0.030219, 0.747031, -0.051083, -1.309964, -1.582008
2024-04-04 16:24:03 0.636630, 0.030219, 0.747031, -0.051083, -1.309964, -1.582008
2024-04-04 16:24:03 0.636630, 0.030219, 0.747031, -0.051083, -1.309964, -1.582008
2024-04-04 16:24:03 0.636630, 0.030219, 0.747031, -0.051083, -1.309964, -1.582008
2024-04-04 16:24:03 0.636630, 0.030219, 0.747031, -0.051083, -1.309964, -1.582008
2024-04-04 16:24:03 0.636630, 0.030219, 0.747031, -0.051083, -1.309964, -1.582008
2024-04-04 16:24:03 0.636630, 0.030219, 0.747031, -0.051083, -1.309964, -1.582008
2024-04-04 16:24:03 0.636630, 0.030219, 0.747031, -0.051083, -1.309964, -1.582008
2024-04-04 16:24:03 0.636630, 0.030219, 0.747031, -0.051083, -1.309964, -1.582008
2024-04-04 16:24:03 0.636630, 0.030219, 0.747031, -0.051083, -1.309964, -1.582008
2024-04-04 16:24:03 0.636630, 0.030219, 0.747031, -0.051083, -1.309964, -1.582008
2024-04-04 16:24:03 0.636630, 0.030219, 0.747031, -0.051083, -1.309964, -1.582008
2024-04-04 16:24:03 0.636630, 0.030219, 0.747031, -0.051083, -1.309964, -1.582008
2024-04-04 16:24:03 0.636630, 0.030219, 0.747031, -0.051083, -1.309964, -1.582008
2024-04-04 16:24:03 0.636630, 0.030219, 0.747031, -0.051083, -1.309964, -1.582008
2024-04-04 16:24:03 0.636630, 0.030219, 0.747031, -0.051083, -1.309964, -1.582008
2024-04-04 16:24:03 0.636630, 0.030219, 0.747031, -0.051083, -1.309964, -1.582008
2024-04-04 16:24:03 0.636630, 0.030219, 0.747031, -0.051083, -1.309964, -1.582008
2024-04-04 16:24:03 0.636630, 0.030219, 0.747031, -0.051083, -1.309964, -1.582008
2024-04-04 16:24:04 0.636630, 0.030219, 0.747031, -0.051083, -1.309964, -1.582008
2024-04-04 16:24:04 0.636630, 0.030219, 0.747031, -0.051083, -1.309964, -1.582008
2024-04-04 16:24:04 0.636630, 0.030219, 0.747031, -0.051083, -1.309964, -1.582008
2024-04-04 16:24:04 0.636630, 0.030219, 0.747031, -0.051083, -1.309964, -1.582008
2024-04-04 16:24:04 0.636630, 0.030219, 0.747031, -0.051083, -1.309964, -1.582008
2024-04-04 16:24:04 0.636630, 0.030219, 0.747031, -0.051083, -1.309964, -1.582008
2024-04-04 16:24:04 0.636630, 0.030219, 0.747031, -0.051083, -1.309964, -1.582008
2024-04-04 16:24:04 0.636630, 0.030219, 0.747031, -0.051083, -1.309964, -1.582008
2024-04-04 16:24:04 0.636630, 0.030219, 0.747031, -0.051083, -1.309964, -1.582008
2024-04-04 16:24:04 0.636630, 0.030219, 0.747031, -0.051083, -1.309964, -1.582008
2024-04-04 16:24:04 0.636630, 0.030219, 0.747031, -0.051083, -1.309964, -1.582008
2024-04-04 16:24:04 0.636630, 0.030219, 0.747031, -0.051083, -1.309964, -1.582008
2024-04-04 16:24:04 0.636630, 0.030219, 0.747031, -0.051083, -1.309964, -1.582008
2024-04-04 16:24:04 0.636630, 0.030219, 0.747031, -0.051083, -1.309964, -1.582008
2024-04-04 16:24:04 0.636630, 0.030219, 0.747031, -0.051083, -1.309964, -1.582008
2024-04-04 16:24:04 0.636630, 0.030219, 0.747031, -0.051083, -1.309964, -1.582008
2024-04-04 16:24:04 0.636630, 0.030219, 0.747031, -0.051083, -1.309964, -1.582008
2024-04-04 16:24:04 0.636630, 0.030219, 0.747031, -0.051083, -1.309964, -1.582008
2024-04-04 16:24:04 0.636630, 0.030219, 0.747031, -0.051083, -1.309964, -1.582008
2024-04-04 16:24:04 0.636630, 0.030219, 0.747031, -0.051083, -1.309964, -1.582008
2024-04-04 16:24:04 0.636630, 0.030219, 0.747031, -0.051083, -1.309964, -1.582008
2024-04-04 16:24:04 0.636630, 0.030219, 0.747031, -0.051083, -1.309964, -1.582008
2024-04-04 16:24:04 0.636630, 0.030219, 0.747031, -0.051083, -1.309964, -1.582008
2024-04-04 16:24:04 0.636630, 0.030219, 0.747031, -0.051083, -1.309964, -1.582008
2024-04-04 16:24:04 0.636630, 0.030219, 0.747031, -0.051083, -1.309964, -1.582008
2024-04-04 16:24:04 0.636630, 0.030219, 0.747031, -0.051083, -1.309964, -1.582008
2024-04-04 16:24:04 0.636630, 0.030219, 0.747031, -0.051083, -1.309964, -1.582008
2024-04-04 16:24:04 0.636630, 0.030219, 0.747031, -0.051083, -1.309964, -1.582008
2024-04-04 16:24:04 0.636630, 0.030219, 0.747031, -0.051083, -1.309964, -1.582008
2024-04-04 16:24:04 0.636630, 0.030219, 0.747031, -0.051083, -1.309964, -1.582008
2024-04-04 16:24:04 0.636630, 0.030219, 0.747031, -0.051083, -1.309964, -1.582008
2024-04-04 16:24:04 0.636630, 0.030219, 0.747031, -0.051083, -1.309964, -1.582008
2024-04-04 16:24:04 0.636630, 0.030219, 0.747031, -0.051083, -1.309964, -1.582008
2024-04-04 16:24:04 0.636630, 0.030219, 0.747031, -0.051083, -1.309964, -1.582008
2024-04-04 16:24:04 0.636630, 0.030219, 0.747031, -0.051083, -1.309964, -1.582008
2024-04-04 16:24:04 0.636630, 0.030219, 0.747031, -0.051083, -1.309964, -1.582008
2024-04-04 16:24:04 0.636630, 0.030219, 0.747031, -0.051083, -1.309964, -1.582008
2024-04-04 16:24:04 0.636630, 0.030219, 0.747031, -0.051083, -1.309964, -1.582008
2024-04-04 16:24:04 0.636630, 0.030219, 0.747031, -0.051083, -1.309964, -1.582008
2024-04-04 16:24:04 0.636630, 0.030219, 0.747031, -0.051083, -1.309964, -1.582008
2024-04-04 16:24:04 0.636630, 0.030219, 0.747031, -0.051083, -1.309964, -1.582008
2024-04-04 16:24:04 0.636630, 0.030219, 0.747031, -0.051083, -1.309964, -1.582008
2024-04-04 16:24:04 0.636630, 0.030219, 0.747031, -0.051083, -1.309964, -1.582008
2024-04-04 16:24:04 0.636630, 0.030219, 0.747031, -0.051083, -1.309964, -1.582008
2024-04-04 16:24:04 0.636630, 0.030219, 0.747031, -0.051083, -1.309964, -1.582008
2024-04-04 16:24:04 0.636630, 0.030219, 0.747031, -0.051083, -1.309964, -1.582008
2024-04-04 16:24:04 0.636630, 0.030219, 0.747031, -0.051083, -1.309964, -1.582008
2024-04-04 16:24:04 0.636630, 0.030219, 0.747031, -0.051083, -1.309964, -1.582008
2024-04-04 16:24:04 0.636630, 0.030219, 0.747031, -0.051083, -1.309964, -1.582008
2024-04-04 16:24:04 0.636630, 0.030219, 0.747031, -0.051083, -1.309964, -1.582008
2024-04-04 16:24:04 0.636630, 0.030219, 0.747031, -0.051083, -1.309964, -1.582008
