2024-04-04 16:39:18 0.000000, 0.000000, 0.000000, 0.000000, 0.000000, 0.000000
2024-04-04 16:39:18 0.000000, 0.000000, 0.000000, 0.000000, 0.000000, 0.000000
2024-04-04 16:39:18 0.000000, 0.000000, 0.000000, 0.000000, 0.000000, 0.000000
2024-04-04 16:39:19 0.000000, 0.000000, 0.000000, 0.000000, 0.000000, 0.000000
2024-04-04 16:39:19 0.000000, 0.000000, 0.000000, 0.000000, 0.000000, 0.000000
2024-04-04 16:39:19 0.000000, 0.000000, 0.000000, 0.000000, 0.000000, 0.000000
2024-04-04 16:39:19 0.000000, 0.000000, 0.000000, 0.000000, 0.000000, 0.000000
2024-04-04 16:39:19 0.000000, 0.000000, 0.000000, 0.000000, 0.000000, 0.000000
2024-04-04 16:39:19 0.000000, 0.000000, 0.000000, 0.000000, 0.000000, 0.000000
2024-04-04 16:39:19 0.000000, 0.000000, 0.000000, 0.000000, 0.000000, 0.000000
2024-04-04 16:39:19 0.000000, 0.000000, 0.000000, 0.000000, 0.000000, 0.000000
2024-04-04 16:39:19 0.000000, 0.000000, 0.000000, 0.000000, 0.000000, 0.000000
2024-04-04 16:39:19 0.000000, 0.000000, 0.000000, 0.000000, 0.000000, 0.000000
2024-04-04 16:39:19 0.000000, 0.000000, 0.000000, 0.000000, 0.000000, 0.000000
2024-04-04 16:39:19 0.000000, 0.000000, 0.000000, 0.000000, 0.000000, 0.000000
2024-04-04 16:39:19 0.000000, 0.000000, 0.000000, 0.000000, 0.000000, 0.000000
2024-04-04 16:39:19 0.000000, 0.000000, 0.000000, 0.000000, 0.000000, 0.000000
2024-04-04 16:39:19 0.000000, 0.000000, 0.000000, 0.000000, 0.000000, 0.000000
2024-04-04 16:39:19 0.000000, 0.000000, 0.000000, 0.000000, 0.000000, 0.000000
2024-04-04 16:39:19 0.000000, 0.000000, 0.000000, 0.000000, 0.000000, 0.000000
2024-04-04 16:39:19 0.000000, 0.000000, 0.000000, 0.000000, 0.000000, 0.000000
2024-04-04 16:39:19 0.000000, 0.000000, 0.000000, 0.000000, 0.000000, 0.000000
2024-04-04 16:39:19 0.000000, 0.000000, 0.000000, 0.000000, 0.000000, 0.000000
2024-04-04 16:39:19 0.000000, 0.000000, 0.000000, 0.000000, 0.000000, 0.000000
2024-04-04 16:39:19 0.000000, 0.000000, 0.000000, 0.000000, 0.000000, 0.000000
2024-04-04 16:39:19 0.000000, 0.000000, 0.000000, 0.000000, 0.000000, 0.000000
2024-04-04 16:39:19 0.000000, 0.000000, 0.000000, 0.000000, 0.000000, 0.000000
2024-04-04 16:39:19 0.000000, 0.000000, 0.000000, 0.000000, 0.000000, 0.000000
2024-04-04 16:39:19 0.000000, 0.000000, 0.000000, 0.000000, 0.000000, 0.000000
2024-04-04 16:39:19 0.000000, 0.000000, 0.000000, 0.000000, 0.000000, 0.000000
2024-04-04 16:39:19 0.000000, 0.000000, 0.000000, 0.000000, 0.000000, 0.000000
2024-04-04 16:39:19 0.000000, 0.000000, 0.000000, 0.000000, 0.000000, 0.000000
2024-04-04 16:39:19 0.000000, 0.000000, 0.000000, 0.000000, 0.000000, 0.000000
2024-04-04 16:39:19 0.000000, 0.000000, 0.000000, 0.000000, 0.000000, 0.000000
2024-04-04 16:39:19 0.000000, 0.000000, 0.000000, 0.000000, 0.000000, 0.000000
2024-04-04 16:39:19 0.000000, 0.000000, 0.000000, 0.000000, 0.000000, 0.000000
2024-04-04 16:39:19 0.000000, 0.000000, 0.000000, 0.000000, 0.000000, 0.000000
2024-04-04 16:39:19 0.000000, 0.000000, 0.000000, 0.000000, 0.000000, 0.000000
2024-04-04 16:39:19 0.000000, 0.000000, 0.000000, 0.000000, 0.000000, 0.000000
2024-04-04 16:39:19 0.000000, 0.000000, 0.000000, 0.000000, 0.000000, 0.000000
2024-04-04 16:39:19 0.000000, 0.000000, 0.000000, 0.000000, 0.000000, 0.000000
2024-04-04 16:39:19 0.000000, 0.000000, 0.000000, 0.000000, 0.000000, 0.000000
2024-04-04 16:39:19 0.000000, 0.000000, 0.000000, 0.000000, 0.000000, 0.000000
2024-04-04 16:39:19 0.000000, 0.000000, 0.000000, 0.000000, 0.000000, 0.000000
2024-04-04 16:39:19 0.000000, 0.000000, 0.000000, 0.000000, 0.000000, 0.000000
2024-04-04 16:39:19 0.000000, 0.000000, 0.000000, 0.000000, 0.000000, 0.000000
2024-04-04 16:39:19 0.000000, 0.000000, 0.000000, 0.000000, 0.000000, 0.000000
2024-04-04 16:39:19 0.000000, 0.000000, 0.000000, 0.000000, 0.000000, 0.000000
2024-04-04 16:39:19 0.000000, 0.000000, 0.000000, 0.000000, 0.000000, 0.000000
2024-04-04 16:39:19 0.000000, 0.000000, 0.000000, 0.000000, 0.000000, 0.000000
2024-04-04 16:39:19 0.000000, 0.000000, 0.000000, 0.000000, 0.000000, 0.000000
2024-04-04 16:39:19 0.000000, 0.000000, 0.000000, 0.000000, 0.000000, 0.000000
2024-04-04 16:39:19 0.000000, 0.000000, 0.000000, 0.000000, 0.000000, 0.000000
2024-04-04 16:39:19 0.000000, 0.000000, 0.000000, 0.000000, 0.000000, 0.000000
2024-04-04 16:39:19 0.000000, 0.000000, 0.000000, 0.000000, 0.000000, 0.000000
2024-04-04 16:39:19 0.000000, 0.000000, 0.000000, 0.000000, 0.000000, 0.000000
2024-04-04 16:39:19 0.000000, 0.000000, 0.000000, 0.000000, 0.000000, 0.000000
2024-04-04 16:39:19 0.000000, 0.000000, 0.000000, 0.000000, 0.000000, 0.000000
2024-04-04 16:39:19 0.000000, 0.000000, 0.000000, 0.000000, 0.000000, 0.000000
2024-04-04 16:39:19 0.000000, 0.000000, 0.000000, 0.000000, 0.000000, 0.000000
2024-04-04 16:39:19 0.000000, 0.000000, 0.000000, 0.000000, 0.000000, 0.000000
2024-04-04 16:39:19 0.000000, 0.000000, 0.000000, 0.000000, 0.000000, 0.000000
2024-04-04 16:39:19 0.000000, 0.000000, 0.000000, 0.000000, 0.000000, 0.000000
2024-04-04 16:39:19 0.000000, 0.000000, 0.000000, 0.000000, 0.000000, 0.000000
2024-04-04 16:39:19 0.000000, 0.000000, 0.000000, 0.000000, 0.000000, 0.000000
2024-04-04 16:39:19 0.000000, 0.000000, 0.000000, 0.000000, 0.000000, 0.000000
2024-04-04 16:39:20 0.000000, 0.000000, 0.000000, 0.000000, 0.000000, 0.000000
2024-04-04 16:39:20 0.000000, 0.000000, 0.000000, 0.000000, 0.000000, 0.000000
2024-04-04 16:39:20 0.000000, 0.000000, 0.000000, 0.000000, 0.000000, 0.000000
2024-04-04 16:39:20 0.000000, 0.000000, 0.000000, 0.000000, 0.000000, 0.000000
2024-04-04 16:39:20 0.000000, 0.000000, 0.000000, 0.000000, 0.000000, 0.000000
2024-04-04 16:39:20 0.000000, 0.000000, 0.000000, 0.000000, 0.000000, 0.000000
2024-04-04 16:39:20 0.000000, 0.000000, 0.000000, 0.000000, 0.000000, 0.000000
2024-04-04 16:39:20 0.000000, 0.000000, 0.000000, 0.000000, 0.000000, 0.000000
2024-04-04 16:39:20 0.000000, 0.000000, 0.000000, 0.000000, 0.000000, 0.000000
2024-04-04 16:39:20 0.000000, 0.000000, 0.000000, 0.000000, 0.000000, 0.000000
2024-04-04 16:39:20 0.000000, 0.000000, 0.000000, 0.000000, 0.000000, 0.000000
2024-04-04 16:39:20 0.000000, 0.000000, 0.000000, 0.000000, 0.000000, 0.000000
2024-04-04 16:39:20 0.000000, 0.000000, 0.000000, 0.000000, 0.000000, 0.000000
2024-04-04 16:39:20 0.000000, 0.000000, 0.000000, 0.000000, 0.000000, 0.000000
2024-04-04 16:39:20 0.000000, 0.000000, 0.000000, 0.000000, 0.000000, 0.000000
2024-04-04 16:39:20 0.000000, 0.000000, 0.000000, 0.000000, 0.000000, 0.000000
2024-04-04 16:39:20 0.000000, 0.000000, 0.000000, 0.000000, 0.000000, 0.000000
2024-04-04 16:39:20 0.000000, 0.000000, 0.000000, 0.000000, 0.000000, 0.000000
2024-04-04 16:39:20 0.000000, 0.000000, 0.000000, 0.000000, 0.000000, 0.000000
2024-04-04 16:39:20 0.000000, 0.000000, 0.000000, 0.000000, 0.000000, 0.000000
2024-04-04 16:39:20 0.000000, 0.000000, 0.000000, 0.000000, 0.000000, 0.000000
2024-04-04 16:39:20 0.000000, 0.000000, 0.000000, 0.000000, 0.000000, 0.000000
2024-04-04 16:39:20 0.000000, 0.000000, 0.000000, 0.000000, 0.000000, 0.000000
2024-04-04 16:39:20 0.000000, 0.000000, 0.000000, 0.000000, 0.000000, 0.000000
2024-04-04 16:39:20 0.612884, 0.049752, 0.737473, -0.294290, -1.290266, -1.717403
2024-04-04 16:39:20 0.612884, 0.049752, 0.737473, -0.294290, -1.290266, -1.717403
2024-04-04 16:39:20 0.612884, 0.049752, 0.737473, -0.294290, -1.290266, -1.717403
2024-04-04 16:39:20 0.612884, 0.049752, 0.737473, -0.294290, -1.290266, -1.717403
2024-04-04 16:39:20 0.612884, 0.049752, 0.737473, -0.294290, -1.290266, -1.717403
2024-04-04 16:39:20 0.612884, 0.049752, 0.737473, -0.294290, -1.290266, -1.717403
2024-04-04 16:39:20 0.612884, 0.049752, 0.737473, -0.294290, -1.290266, -1.717403
2024-04-04 16:39:20 0.612884, 0.049752, 0.737473, -0.294290, -1.290266, -1.717403
2024-04-04 16:39:20 0.612884, 0.049752, 0.737473, -0.294290, -1.290266, -1.717403
2024-04-04 16:39:20 0.612884, 0.049752, 0.737473, -0.294290, -1.290266, -1.717403
2024-04-04 16:39:20 0.612884, 0.049752, 0.737473, -0.294290, -1.290266, -1.717403
2024-04-04 16:39:20 0.612884, 0.049752, 0.737473, -0.294290, -1.290266, -1.717403
2024-04-04 16:39:20 0.612884, 0.049752, 0.737473, -0.294290, -1.290266, -1.717403
2024-04-04 16:39:20 0.612884, 0.049752, 0.737473, -0.294290, -1.290266, -1.717403
2024-04-04 16:39:20 0.612884, 0.049752, 0.737473, -0.294290, -1.290266, -1.717403
2024-04-04 16:39:20 0.612884, 0.049752, 0.737473, -0.294290, -1.290266, -1.717403
2024-04-04 16:39:20 0.612884, 0.049752, 0.737473, -0.294290, -1.290266, -1.717403
2024-04-04 16:39:20 0.612884, 0.049752, 0.737473, -0.294290, -1.290266, -1.717403
2024-04-04 16:39:20 0.612884, 0.049752, 0.737473, -0.294290, -1.290266, -1.717403
2024-04-04 16:39:20 0.612884, 0.049752, 0.737473, -0.294290, -1.290266, -1.717403
2024-04-04 16:39:20 0.612884, 0.049752, 0.737473, -0.294290, -1.290266, -1.717403
2024-04-04 16:39:20 0.612884, 0.049752, 0.737473, -0.294290, -1.290266, -1.717403
2024-04-04 16:39:20 0.612884, 0.049752, 0.737473, -0.294290, -1.290266, -1.717403
2024-04-04 16:39:20 0.612884, 0.049752, 0.737473, -0.294290, -1.290266, -1.717403
2024-04-04 16:39:20 0.612884, 0.049752, 0.737473, -0.294290, -1.290266, -1.717403
2024-04-04 16:39:20 0.612884, 0.049752, 0.737473, -0.294290, -1.290266, -1.717403
2024-04-04 16:39:20 0.612884, 0.049752, 0.737473, -0.294290, -1.290266, -1.717403
2024-04-04 16:39:20 0.612884, 0.049752, 0.737473, -0.294290, -1.290266, -1.717403
2024-04-04 16:39:20 0.612884, 0.049752, 0.737473, -0.294290, -1.290266, -1.717403
2024-04-04 16:39:20 0.612884, 0.049752, 0.737473, -0.294290, -1.290266, -1.717403
2024-04-04 16:39:20 0.612884, 0.049752, 0.737473, -0.294290, -1.290266, -1.717403
2024-04-04 16:39:20 0.612884, 0.049752, 0.737473, -0.294290, -1.290266, -1.717403
2024-04-04 16:39:20 0.612884, 0.049752, 0.737473, -0.294290, -1.290266, -1.717403
2024-04-04 16:39:20 0.612884, 0.049752, 0.737473, -0.294290, -1.290266, -1.717403
2024-04-04 16:39:20 0.612884, 0.049752, 0.737473, -0.294290, -1.290266, -1.717403
2024-04-04 16:39:20 0.612884, 0.049752, 0.737473, -0.294290, -1.290266, -1.717403
2024-04-04 16:39:20 0.612884, 0.049752, 0.737473, -0.294290, -1.290266, -1.717403
2024-04-04 16:39:20 0.612884, 0.049752, 0.737473, -0.294290, -1.290266, -1.717403
2024-04-04 16:39:20 0.612884, 0.049752, 0.737473, -0.294290, -1.290266, -1.717403
2024-04-04 16:39:21 0.612884, 0.049752, 0.737473, -0.294290, -1.290266, -1.717403
2024-04-04 16:39:21 0.612884, 0.049752, 0.737473, -0.294290, -1.290266, -1.717403
2024-04-04 16:39:21 0.612884, 0.049752, 0.737473, -0.294290, -1.290266, -1.717403
2024-04-04 16:39:21 0.612884, 0.049752, 0.737473, -0.294290, -1.290266, -1.717403
2024-04-04 16:39:21 0.612884, 0.049752, 0.737473, -0.294290, -1.290266, -1.717403
2024-04-04 16:39:21 0.612884, 0.049752, 0.737473, -0.294290, -1.290266, -1.717403
2024-04-04 16:39:21 0.612884, 0.049752, 0.737473, -0.294290, -1.290266, -1.717403
2024-04-04 16:39:21 0.612884, 0.049752, 0.737473, -0.294290, -1.290266, -1.717403
2024-04-04 16:39:21 0.612884, 0.049752, 0.737473, -0.294290, -1.290266, -1.717403
2024-04-04 16:39:21 0.612884, 0.049752, 0.737473, -0.294290, -1.290266, -1.717403
2024-04-04 16:39:21 0.612884, 0.049752, 0.737473, -0.294290, -1.290266, -1.717403
2024-04-04 16:39:21 0.612884, 0.049752, 0.737473, -0.294290, -1.290266, -1.717403
2024-04-04 16:39:21 0.612884, 0.049752, 0.737473, -0.294290, -1.290266, -1.717403
2024-04-04 16:39:21 0.612884, 0.049752, 0.737473, -0.294290, -1.290266, -1.717403
2024-04-04 16:39:21 0.612884, 0.049752, 0.737473, -0.294290, -1.290266, -1.717403
2024-04-04 16:39:21 0.612884, 0.049752, 0.737473, -0.294290, -1.290266, -1.717403
2024-04-04 16:39:21 0.612884, 0.049752, 0.737473, -0.294290, -1.290266, -1.717403
2024-04-04 16:39:21 0.612884, 0.049752, 0.737473, -0.294290, -1.290266, -1.717403
2024-04-04 16:39:21 0.612884, 0.049752, 0.737473, -0.294290, -1.290266, -1.717403
2024-04-04 16:39:21 0.612884, 0.049752, 0.737473, -0.294290, -1.290266, -1.717403
2024-04-04 16:39:21 0.612884, 0.049752, 0.737473, -0.294290, -1.290266, -1.717403
2024-04-04 16:39:21 0.612884, 0.049752, 0.737473, -0.294290, -1.290266, -1.717403
2024-04-04 16:39:21 0.612884, 0.049752, 0.737473, -0.294290, -1.290266, -1.717403
2024-04-04 16:39:21 0.612884, 0.049752, 0.737473, -0.294290, -1.290266, -1.717403
2024-04-04 16:39:21 0.612884, 0.049752, 0.737473, -0.294290, -1.290266, -1.717403
2024-04-04 16:39:21 0.612884, 0.049752, 0.737473, -0.294290, -1.290266, -1.717403
2024-04-04 16:39:21 0.612884, 0.049752, 0.737473, -0.294290, -1.290266, -1.717403
2024-04-04 16:39:21 0.612884, 0.049752, 0.737473, -0.294290, -1.290266, -1.717403
2024-04-04 16:39:21 0.612884, 0.049752, 0.737473, -0.294290, -1.290266, -1.717403
2024-04-04 16:39:21 0.612884, 0.049752, 0.737473, -0.294290, -1.290266, -1.717403
2024-04-04 16:39:21 0.612884, 0.049752, 0.737473, -0.294290, -1.290266, -1.717403
2024-04-04 16:39:21 0.612884, 0.049752, 0.737473, -0.294290, -1.290266, -1.717403
2024-04-04 16:39:21 0.612884, 0.049752, 0.737473, -0.294290, -1.290266, -1.717403
2024-04-04 16:39:21 0.612884, 0.049752, 0.737473, -0.294290, -1.290266, -1.717403
2024-04-04 16:39:21 0.612884, 0.049752, 0.737473, -0.294290, -1.290266, -1.717403
2024-04-04 16:39:21 0.612884, 0.049752, 0.737473, -0.294290, -1.290266, -1.717403
2024-04-04 16:39:21 0.612884, 0.049752, 0.737473, -0.294290, -1.290266, -1.717403
2024-04-04 16:39:21 0.612884, 0.049752, 0.737473, -0.294290, -1.290266, -1.717403
2024-04-04 16:39:21 0.612884, 0.049752, 0.737473, -0.294290, -1.290266, -1.717403
2024-04-04 16:39:21 0.612884, 0.049752, 0.737473, -0.294290, -1.290266, -1.717403
2024-04-04 16:39:21 0.612884, 0.049752, 0.737473, -0.294290, -1.290266, -1.717403
2024-04-04 16:39:21 0.612884, 0.049752, 0.737473, -0.294290, -1.290266, -1.717403
2024-04-04 16:39:21 0.612884, 0.049752, 0.737473, -0.294290, -1.290266, -1.717403
2024-04-04 16:39:21 0.612884, 0.049752, 0.737473, -0.294290, -1.290266, -1.717403
2024-04-04 16:39:21 0.612884, 0.049752, 0.737473, -0.294290, -1.290266, -1.717403
2024-04-04 16:39:21 0.612884, 0.049752, 0.737473, -0.294290, -1.290266, -1.717403
2024-04-04 16:39:21 0.612884, 0.049752, 0.737473, -0.294290, -1.290266, -1.717403
2024-04-04 16:39:21 0.612884, 0.049752, 0.737473, -0.294290, -1.290266, -1.717403
2024-04-04 16:39:21 0.612884, 0.049752, 0.737473, -0.294290, -1.290266, -1.717403
2024-04-04 16:39:21 0.612884, 0.049752, 0.737473, -0.294290, -1.290266, -1.717403
2024-04-04 16:39:21 0.612884, 0.049752, 0.737473, -0.294290, -1.290266, -1.717403
2024-04-04 16:39:21 0.612884, 0.049752, 0.737473, -0.294290, -1.290266, -1.717403
2024-04-04 16:39:21 0.612884, 0.049752, 0.737473, -0.294290, -1.290266, -1.717403
2024-04-04 16:39:21 0.612884, 0.049752, 0.737473, -0.294290, -1.290266, -1.717403
2024-04-04 16:39:21 0.612884, 0.049752, 0.737473, -0.294290, -1.290266, -1.717403
2024-04-04 16:39:21 0.612884, 0.049752, 0.737473, -0.294290, -1.290266, -1.717403
2024-04-04 16:39:21 0.612884, 0.049752, 0.737473, -0.294290, -1.290266, -1.717403
2024-04-04 16:39:21 0.612884, 0.049752, 0.737473, -0.294290, -1.290266, -1.717403
2024-04-04 16:39:21 0.612884, 0.049752, 0.737473, -0.294290, -1.290266, -1.717403
2024-04-04 16:39:21 0.612884, 0.049752, 0.737473, -0.294290, -1.290266, -1.717403
2024-04-04 16:39:21 0.612884, 0.049752, 0.737473, -0.294290, -1.290266, -1.717403
2024-04-04 16:39:21 0.612884, 0.049752, 0.737473, -0.294290, -1.290266, -1.717403
2024-04-04 16:39:22 0.612884, 0.049752, 0.737473, -0.294290, -1.290266, -1.717403
2024-04-04 16:39:22 0.612884, 0.049752, 0.737473, -0.294290, -1.290266, -1.717403
2024-04-04 16:39:22 0.612884, 0.049752, 0.737473, -0.294290, -1.290266, -1.717403
2024-04-04 16:39:22 0.612884, 0.049752, 0.737473, -0.294290, -1.290266, -1.717403
2024-04-04 16:39:22 0.612884, 0.049752, 0.737473, -0.294290, -1.290266, -1.717403
2024-04-04 16:39:22 0.612884, 0.049752, 0.737473, -0.294290, -1.290266, -1.717403
2024-04-04 16:39:22 0.612884, 0.049752, 0.737473, -0.294290, -1.290266, -1.717403
2024-04-04 16:39:22 0.612884, 0.049752, 0.737473, -0.294290, -1.290266, -1.717403
2024-04-04 16:39:22 0.612884, 0.049752, 0.737473, -0.294290, -1.290266, -1.717403
2024-04-04 16:39:22 0.612884, 0.049752, 0.737473, -0.294290, -1.290266, -1.717403
2024-04-04 16:39:22 0.612884, 0.049752, 0.737473, -0.294290, -1.290266, -1.717403
2024-04-04 16:39:22 0.612884, 0.049752, 0.737473, -0.294290, -1.290266, -1.717403
2024-04-04 16:39:22 0.612884, 0.049752, 0.737473, -0.294290, -1.290266, -1.717403
2024-04-04 16:39:22 0.612884, 0.049752, 0.737473, -0.294290, -1.290266, -1.717403
2024-04-04 16:39:22 0.612884, 0.049752, 0.737473, -0.294290, -1.290266, -1.717403
2024-04-04 16:39:22 0.612884, 0.049752, 0.737473, -0.294290, -1.290266, -1.717403
2024-04-04 16:39:22 0.612884, 0.049752, 0.737473, -0.294290, -1.290266, -1.717403
2024-04-04 16:39:22 0.612884, 0.049752, 0.737473, -0.294290, -1.290266, -1.717403
2024-04-04 16:39:22 0.612884, 0.049752, 0.737473, -0.294290, -1.290266, -1.717403
2024-04-04 16:39:22 0.612884, 0.049752, 0.737473, -0.294290, -1.290266, -1.717403
2024-04-04 16:39:22 0.612884, 0.049752, 0.737473, -0.294290, -1.290266, -1.717403
2024-04-04 16:39:22 0.612884, 0.049752, 0.737473, -0.294290, -1.290266, -1.717403
2024-04-04 16:39:22 0.612884, 0.049752, 0.737473, -0.294290, -1.290266, -1.717403
2024-04-04 16:39:22 0.612884, 0.049752, 0.737473, -0.294290, -1.290266, -1.717403
2024-04-04 16:39:22 0.612884, 0.049752, 0.737473, -0.294290, -1.290266, -1.717403
2024-04-04 16:39:22 0.612884, 0.049752, 0.737473, -0.294290, -1.290266, -1.717403
2024-04-04 16:39:22 0.612884, 0.049752, 0.737473, -0.294290, -1.290266, -1.717403
2024-04-04 16:39:22 0.612884, 0.049752, 0.737473, -0.294290, -1.290266, -1.717403
2024-04-04 16:39:22 0.612884, 0.049752, 0.737473, -0.294290, -1.290266, -1.717403
2024-04-04 16:39:22 0.612884, 0.049752, 0.737473, -0.294290, -1.290266, -1.717403
2024-04-04 16:39:22 0.612884, 0.049752, 0.737473, -0.294290, -1.290266, -1.717403
2024-04-04 16:39:22 0.612884, 0.049752, 0.737473, -0.294290, -1.290266, -1.717403
2024-04-04 16:39:22 0.612884, 0.049752, 0.737473, -0.294290, -1.290266, -1.717403
2024-04-04 16:39:22 0.612884, 0.049752, 0.737473, -0.294290, -1.290266, -1.717403
2024-04-04 16:39:22 0.612884, 0.049752, 0.737473, -0.294290, -1.290266, -1.717403
2024-04-04 16:39:22 0.612884, 0.049752, 0.737473, -0.294290, -1.290266, -1.717403
2024-04-04 16:39:22 0.612884, 0.049752, 0.737473, -0.294290, -1.290266, -1.717403
2024-04-04 16:39:22 0.612884, 0.049752, 0.737473, -0.294290, -1.290266, -1.717403
2024-04-04 16:39:22 0.612884, 0.049752, 0.737473, -0.294290, -1.290266, -1.717403
2024-04-04 16:39:22 0.612884, 0.049752, 0.737473, -0.294290, -1.290266, -1.717403
2024-04-04 16:39:22 0.612884, 0.049752, 0.737473, -0.294290, -1.290266, -1.717403
2024-04-04 16:39:22 0.612884, 0.049752, 0.737473, -0.294290, -1.290266, -1.717403
2024-04-04 16:39:22 0.612884, 0.049752, 0.737473, -0.294290, -1.290266, -1.717403
2024-04-04 16:39:22 0.612884, 0.049752, 0.737473, -0.294290, -1.290266, -1.717403
2024-04-04 16:39:22 0.612884, 0.049752, 0.737473, -0.294290, -1.290266, -1.717403
2024-04-04 16:39:22 0.612884, 0.049752, 0.737473, -0.294290, -1.290266, -1.717403
2024-04-04 16:39:22 0.612884, 0.049752, 0.737473, -0.294290, -1.290266, -1.717403
2024-04-04 16:39:22 0.612884, 0.049752, 0.737473, -0.294290, -1.290266, -1.717403
2024-04-04 16:39:22 0.612884, 0.049752, 0.737473, -0.294290, -1.290266, -1.717403
2024-04-04 16:39:22 0.612884, 0.049752, 0.737473, -0.294290, -1.290266, -1.717403
2024-04-04 16:39:22 0.612884, 0.049752, 0.737473, -0.294290, -1.290266, -1.717403
2024-04-04 16:39:22 0.612884, 0.049752, 0.737473, -0.294290, -1.290266, -1.717403
2024-04-04 16:39:22 0.612884, 0.049752, 0.737473, -0.294290, -1.290266, -1.717403
2024-04-04 16:39:22 0.612884, 0.049752, 0.737473, -0.294290, -1.290266, -1.717403
2024-04-04 16:39:22 0.612884, 0.049752, 0.737473, -0.294290, -1.290266, -1.717403
2024-04-04 16:39:22 0.612884, 0.049752, 0.737473, -0.294290, -1.290266, -1.717403
2024-04-04 16:39:22 0.612884, 0.049752, 0.737473, -0.294290, -1.290266, -1.717403
2024-04-04 16:39:22 0.612884, 0.049752, 0.737473, -0.294290, -1.290266, -1.717403
2024-04-04 16:39:22 0.612884, 0.049752, 0.737473, -0.294290, -1.290266, -1.717403
2024-04-04 16:39:22 0.612884, 0.049752, 0.737473, -0.294290, -1.290266, -1.717403
2024-04-04 16:39:23 0.612884, 0.049752, 0.737473, -0.294290, -1.290266, -1.717403
2024-04-04 16:39:23 0.612884, 0.049752, 0.737473, -0.294290, -1.290266, -1.717403
2024-04-04 16:39:23 0.612884, 0.049752, 0.737473, -0.294290, -1.290266, -1.717403
2024-04-04 16:39:23 0.612884, 0.049752, 0.737473, -0.294290, -1.290266, -1.717403
2024-04-04 16:39:23 0.612884, 0.049752, 0.737473, -0.294290, -1.290266, -1.717403
2024-04-04 16:39:23 0.612884, 0.049752, 0.737473, -0.294290, -1.290266, -1.717403
2024-04-04 16:39:23 0.612884, 0.049752, 0.737473, -0.294290, -1.290266, -1.717403
2024-04-04 16:39:23 0.612884, 0.049752, 0.737473, -0.294290, -1.290266, -1.717403
2024-04-04 16:39:23 0.612884, 0.049752, 0.737473, -0.294290, -1.290266, -1.717403
2024-04-04 16:39:23 0.612884, 0.049752, 0.737473, -0.294290, -1.290266, -1.717403
2024-04-04 16:39:23 0.612884, 0.049752, 0.737473, -0.294290, -1.290266, -1.717403
2024-04-04 16:39:23 0.612884, 0.049752, 0.737473, -0.294290, -1.290266, -1.717403
2024-04-04 16:39:23 0.612884, 0.049752, 0.737473, -0.294290, -1.290266, -1.717403
2024-04-04 16:39:23 0.612884, 0.049752, 0.737473, -0.294290, -1.290266, -1.717403
2024-04-04 16:39:23 0.612884, 0.049752, 0.737473, -0.294290, -1.290266, -1.717403
2024-04-04 16:39:23 0.612884, 0.049752, 0.737473, -0.294290, -1.290266, -1.717403
2024-04-04 16:39:23 0.612884, 0.049752, 0.737473, -0.294290, -1.290266, -1.717403
2024-04-04 16:39:23 0.612884, 0.049752, 0.737473, -0.294290, -1.290266, -1.717403
2024-04-04 16:39:23 0.612884, 0.049752, 0.737473, -0.294290, -1.290266, -1.717403
2024-04-04 16:39:23 0.612884, 0.049752, 0.737473, -0.294290, -1.290266, -1.717403
2024-04-04 16:39:23 0.612884, 0.049752, 0.737473, -0.294290, -1.290266, -1.717403
2024-04-04 16:39:23 0.612884, 0.049752, 0.737473, -0.294290, -1.290266, -1.717403
2024-04-04 16:39:23 0.612884, 0.049752, 0.737473, -0.294290, -1.290266, -1.717403
2024-04-04 16:39:23 0.612884, 0.049752, 0.737473, -0.294290, -1.290266, -1.717403
2024-04-04 16:39:23 0.612884, 0.049752, 0.737473, -0.294290, -1.290266, -1.717403
2024-04-04 16:39:23 0.612884, 0.049752, 0.737473, -0.294290, -1.290266, -1.717403
2024-04-04 16:39:23 0.612884, 0.049752, 0.737473, -0.294290, -1.290266, -1.717403
2024-04-04 16:39:23 0.612884, 0.049752, 0.737473, -0.294290, -1.290266, -1.717403
2024-04-04 16:39:23 0.612884, 0.049752, 0.737473, -0.294290, -1.290266, -1.717403
2024-04-04 16:39:23 0.612884, 0.049752, 0.737473, -0.294290, -1.290266, -1.717403
2024-04-04 16:39:23 0.612884, 0.049752, 0.737473, -0.294290, -1.290266, -1.717403
2024-04-04 16:39:23 0.612884, 0.049752, 0.737473, -0.294290, -1.290266, -1.717403
2024-04-04 16:39:23 0.612884, 0.049752, 0.737473, -0.294290, -1.290266, -1.717403
2024-04-04 16:39:23 0.612884, 0.049752, 0.737473, -0.294290, -1.290266, -1.717403
2024-04-04 16:39:23 0.612884, 0.049752, 0.737473, -0.294290, -1.290266, -1.717403
2024-04-04 16:39:23 0.612884, 0.049752, 0.737473, -0.294290, -1.290266, -1.717403
2024-04-04 16:39:23 0.612884, 0.049752, 0.737473, -0.294290, -1.290266, -1.717403
2024-04-04 16:39:23 0.612884, 0.049752, 0.737473, -0.294290, -1.290266, -1.717403
2024-04-04 16:39:23 0.612884, 0.049752, 0.737473, -0.294290, -1.290266, -1.717403
2024-04-04 16:39:23 0.612884, 0.049752, 0.737473, -0.294290, -1.290266, -1.717403
2024-04-04 16:39:23 0.612884, 0.049752, 0.737473, -0.294290, -1.290266, -1.717403
2024-04-04 16:39:23 0.612884, 0.049752, 0.737473, -0.294290, -1.290266, -1.717403
2024-04-04 16:39:23 0.612884, 0.049752, 0.737473, -0.294290, -1.290266, -1.717403
2024-04-04 16:39:23 0.612884, 0.049752, 0.737473, -0.294290, -1.290266, -1.717403
2024-04-04 16:39:23 0.612884, 0.049752, 0.737473, -0.294290, -1.290266, -1.717403
2024-04-04 16:39:23 0.612884, 0.049752, 0.737473, -0.294290, -1.290266, -1.717403
2024-04-04 16:39:23 0.612884, 0.049752, 0.737473, -0.294290, -1.290266, -1.717403
2024-04-04 16:39:23 0.612884, 0.049752, 0.737473, -0.294290, -1.290266, -1.717403
2024-04-04 16:39:23 0.612884, 0.049752, 0.737473, -0.294290, -1.290266, -1.717403
2024-04-04 16:39:23 0.612884, 0.049752, 0.737473, -0.294290, -1.290266, -1.717403
2024-04-04 16:39:23 0.612884, 0.049752, 0.737473, -0.294290, -1.290266, -1.717403
2024-04-04 16:39:23 0.612884, 0.049752, 0.737473, -0.294290, -1.290266, -1.717403
2024-04-04 16:39:23 0.612884, 0.049752, 0.737473, -0.294290, -1.290266, -1.717403
2024-04-04 16:39:23 0.612884, 0.049752, 0.737473, -0.294290, -1.290266, -1.717403
2024-04-04 16:39:23 0.612884, 0.049752, 0.737473, -0.294290, -1.290266, -1.717403
2024-04-04 16:39:23 0.612884, 0.049752, 0.737473, -0.294290, -1.290266, -1.717403
2024-04-04 16:39:23 0.612884, 0.049752, 0.737473, -0.294290, -1.290266, -1.717403
2024-04-04 16:39:23 0.612884, 0.049752, 0.737473, -0.294290, -1.290266, -1.717403
2024-04-04 16:39:23 0.612884, 0.049752, 0.737473, -0.294290, -1.290266, -1.717403
2024-04-04 16:39:23 0.612884, 0.049752, 0.737473, -0.294290, -1.290266, -1.717403
2024-04-04 16:39:23 0.612884, 0.049752, 0.737473, -0.294290, -1.290266, -1.717403
2024-04-04 16:39:23 0.612884, 0.049752, 0.737473, -0.294290, -1.290266, -1.717403
2024-04-04 16:39:23 0.612884, 0.049752, 0.737473, -0.294290, -1.290266, -1.717403
2024-04-04 16:39:24 0.612884, 0.049752, 0.737473, -0.294290, -1.290266, -1.717403
2024-04-04 16:39:24 0.610324, 0.048672, 0.736537, -0.291797, -1.286955, -1.715558
2024-04-04 16:39:24 0.610324, 0.048672, 0.736537, -0.291797, -1.286955, -1.715558
2024-04-04 16:39:24 0.610324, 0.048672, 0.736537, -0.291797, -1.286955, -1.715558
2024-04-04 16:39:24 0.610324, 0.048672, 0.736537, -0.291797, -1.286955, -1.715558
2024-04-04 16:39:24 0.610324, 0.048672, 0.736537, -0.291797, -1.286955, -1.715558
2024-04-04 16:39:24 0.610324, 0.048672, 0.736537, -0.291797, -1.286955, -1.715558
2024-04-04 16:39:24 0.610324, 0.048672, 0.736537, -0.291797, -1.286955, -1.715558
2024-04-04 16:39:24 0.610324, 0.048672, 0.736537, -0.291797, -1.286955, -1.715558
2024-04-04 16:39:24 0.610324, 0.048672, 0.736537, -0.291797, -1.286955, -1.715558
2024-04-04 16:39:24 0.610324, 0.048672, 0.736537, -0.291797, -1.286955, -1.715558
2024-04-04 16:39:24 0.610324, 0.048672, 0.736537, -0.291797, -1.286955, -1.715558
2024-04-04 16:39:24 0.610324, 0.048672, 0.736537, -0.291797, -1.286955, -1.715558
2024-04-04 16:39:24 0.610324, 0.048672, 0.736537, -0.291797, -1.286955, -1.715558
2024-04-04 16:39:24 0.610324, 0.048672, 0.736537, -0.291797, -1.286955, -1.715558
2024-04-04 16:39:24 0.610324, 0.048672, 0.736537, -0.291797, -1.286955, -1.715558
2024-04-04 16:39:24 0.610324, 0.048672, 0.736537, -0.291797, -1.286955, -1.715558
2024-04-04 16:39:24 0.610324, 0.048672, 0.736537, -0.291797, -1.286955, -1.715558
2024-04-04 16:39:24 0.610324, 0.048672, 0.736537, -0.291797, -1.286955, -1.715558
2024-04-04 16:39:24 0.610324, 0.048672, 0.736537, -0.291797, -1.286955, -1.715558
2024-04-04 16:39:24 0.610324, 0.048672, 0.736537, -0.291797, -1.286955, -1.715558
2024-04-04 16:39:24 0.610324, 0.048672, 0.736537, -0.291797, -1.286955, -1.715558
2024-04-04 16:39:24 0.610324, 0.048672, 0.736537, -0.291797, -1.286955, -1.715558
2024-04-04 16:39:24 0.610324, 0.048672, 0.736537, -0.291797, -1.286955, -1.715558
2024-04-04 16:39:24 0.610324, 0.048672, 0.736537, -0.291797, -1.286955, -1.715558
2024-04-04 16:39:24 0.610324, 0.048672, 0.736537, -0.291797, -1.286955, -1.715558
2024-04-04 16:39:24 0.610324, 0.048672, 0.736537, -0.291797, -1.286955, -1.715558
2024-04-04 16:39:24 0.610324, 0.048672, 0.736537, -0.291797, -1.286955, -1.715558
2024-04-04 16:39:24 0.610324, 0.048672, 0.736537, -0.291797, -1.286955, -1.715558
2024-04-04 16:39:24 0.610324, 0.048672, 0.736537, -0.291797, -1.286955, -1.715558
2024-04-04 16:39:24 0.610324, 0.048672, 0.736537, -0.291797, -1.286955, -1.715558
2024-04-04 16:39:24 0.610324, 0.048672, 0.736537, -0.291797, -1.286955, -1.715558
2024-04-04 16:39:24 0.610324, 0.048672, 0.736537, -0.291797, -1.286955, -1.715558
2024-04-04 16:39:24 0.610324, 0.048672, 0.736537, -0.291797, -1.286955, -1.715558
2024-04-04 16:39:24 0.610324, 0.048672, 0.736537, -0.291797, -1.286955, -1.715558
2024-04-04 16:39:24 0.610324, 0.048672, 0.736537, -0.291797, -1.286955, -1.715558
2024-04-04 16:39:24 0.610324, 0.048672, 0.736537, -0.291797, -1.286955, -1.715558
2024-04-04 16:39:24 0.610324, 0.048672, 0.736537, -0.291797, -1.286955, -1.715558
2024-04-04 16:39:24 0.610324, 0.048672, 0.736537, -0.291797, -1.286955, -1.715558
2024-04-04 16:39:24 0.610324, 0.048672, 0.736537, -0.291797, -1.286955, -1.715558
2024-04-04 16:39:24 0.610324, 0.048672, 0.736537, -0.291797, -1.286955, -1.715558
2024-04-04 16:39:24 0.610324, 0.048672, 0.736537, -0.291797, -1.286955, -1.715558
2024-04-04 16:39:24 0.610324, 0.048672, 0.736537, -0.291797, -1.286955, -1.715558
2024-04-04 16:39:24 0.610324, 0.048672, 0.736537, -0.291797, -1.286955, -1.715558
2024-04-04 16:39:24 0.610324, 0.048672, 0.736537, -0.291797, -1.286955, -1.715558
2024-04-04 16:39:24 0.610324, 0.048672, 0.736537, -0.291797, -1.286955, -1.715558
2024-04-04 16:39:24 0.610324, 0.048672, 0.736537, -0.291797, -1.286955, -1.715558
2024-04-04 16:39:24 0.610324, 0.048672, 0.736537, -0.291797, -1.286955, -1.715558
2024-04-04 16:39:24 0.610324, 0.048672, 0.736537, -0.291797, -1.286955, -1.715558
2024-04-04 16:39:24 0.610324, 0.048672, 0.736537, -0.291797, -1.286955, -1.715558
2024-04-04 16:39:24 0.610324, 0.048672, 0.736537, -0.291797, -1.286955, -1.715558
2024-04-04 16:39:24 0.610324, 0.048672, 0.736537, -0.291797, -1.286955, -1.715558
2024-04-04 16:39:24 0.610324, 0.048672, 0.736537, -0.291797, -1.286955, -1.715558
2024-04-04 16:39:24 0.610324, 0.048672, 0.736537, -0.291797, -1.286955, -1.715558
2024-04-04 16:39:24 0.610324, 0.048672, 0.736537, -0.291797, -1.286955, -1.715558
2024-04-04 16:39:24 0.610324, 0.048672, 0.736537, -0.291797, -1.286955, -1.715558
2024-04-04 16:39:24 0.610324, 0.048672, 0.736537, -0.291797, -1.286955, -1.715558
2024-04-04 16:39:24 0.610324, 0.048672, 0.736537, -0.291797, -1.286955, -1.715558
2024-04-04 16:39:24 0.610324, 0.048672, 0.736537, -0.291797, -1.286955, -1.715558
2024-04-04 16:39:24 0.610324, 0.048672, 0.736537, -0.291797, -1.286955, -1.715558
2024-04-04 16:39:24 0.610324, 0.048672, 0.736537, -0.291797, -1.286955, -1.715558
2024-04-04 16:39:24 0.610324, 0.048672, 0.736537, -0.291797, -1.286955, -1.715558
2024-04-04 16:39:24 0.610324, 0.048672, 0.736537, -0.291797, -1.286955, -1.715558
2024-04-04 16:39:24 0.610324, 0.048672, 0.736537, -0.291797, -1.286955, -1.715558
2024-04-04 16:39:25 0.610324, 0.048672, 0.736537, -0.291797, -1.286955, -1.715558
2024-04-04 16:39:25 0.610324, 0.048672, 0.736537, -0.291797, -1.286955, -1.715558
2024-04-04 16:39:25 0.610324, 0.048672, 0.736537, -0.291797, -1.286955, -1.715558
2024-04-04 16:39:25 0.610583, 0.048531, 0.736894, -0.290291, -1.286824, -1.714440
2024-04-04 16:39:25 0.610583, 0.048531, 0.736894, -0.290291, -1.286824, -1.714440
2024-04-04 16:39:25 0.610583, 0.048531, 0.736894, -0.290291, -1.286824, -1.714440
2024-04-04 16:39:25 0.610583, 0.048531, 0.736894, -0.290291, -1.286824, -1.714440
2024-04-04 16:39:25 0.610583, 0.048531, 0.736894, -0.290291, -1.286824, -1.714440
2024-04-04 16:39:25 0.610583, 0.048531, 0.736894, -0.290291, -1.286824, -1.714440
2024-04-04 16:39:25 0.610583, 0.048531, 0.736894, -0.290291, -1.286824, -1.714440
2024-04-04 16:39:25 0.610583, 0.048531, 0.736894, -0.290291, -1.286824, -1.714440
2024-04-04 16:39:25 0.610583, 0.048531, 0.736894, -0.290291, -1.286824, -1.714440
2024-04-04 16:39:25 0.610583, 0.048531, 0.736894, -0.290291, -1.286824, -1.714440
2024-04-04 16:39:25 0.610583, 0.048531, 0.736894, -0.290291, -1.286824, -1.714440
2024-04-04 16:39:25 0.610583, 0.048531, 0.736894, -0.290291, -1.286824, -1.714440
2024-04-04 16:39:25 0.610583, 0.048531, 0.736894, -0.290291, -1.286824, -1.714440
2024-04-04 16:39:25 0.610583, 0.048531, 0.736894, -0.290291, -1.286824, -1.714440
2024-04-04 16:39:25 0.610583, 0.048531, 0.736894, -0.290291, -1.286824, -1.714440
2024-04-04 16:39:25 0.610583, 0.048531, 0.736894, -0.290291, -1.286824, -1.714440
2024-04-04 16:39:25 0.610583, 0.048531, 0.736894, -0.290291, -1.286824, -1.714440
2024-04-04 16:39:25 0.610583, 0.048531, 0.736894, -0.290291, -1.286824, -1.714440
2024-04-04 16:39:25 0.610583, 0.048531, 0.736894, -0.290291, -1.286824, -1.714440
2024-04-04 16:39:25 0.610583, 0.048531, 0.736894, -0.290291, -1.286824, -1.714440
2024-04-04 16:39:25 0.610583, 0.048531, 0.736894, -0.290291, -1.286824, -1.714440
2024-04-04 16:39:25 0.610583, 0.048531, 0.736894, -0.290291, -1.286824, -1.714440
2024-04-04 16:39:25 0.610583, 0.048531, 0.736894, -0.290291, -1.286824, -1.714440
2024-04-04 16:39:25 0.610583, 0.048531, 0.736894, -0.290291, -1.286824, -1.714440
2024-04-04 16:39:25 0.610583, 0.048531, 0.736894, -0.290291, -1.286824, -1.714440
2024-04-04 16:39:25 0.610583, 0.048531, 0.736894, -0.290291, -1.286824, -1.714440
2024-04-04 16:39:25 0.610583, 0.048531, 0.736894, -0.290291, -1.286824, -1.714440
2024-04-04 16:39:25 0.610583, 0.048531, 0.736894, -0.290291, -1.286824, -1.714440
2024-04-04 16:39:25 0.610583, 0.048531, 0.736894, -0.290291, -1.286824, -1.714440
2024-04-04 16:39:25 0.610583, 0.048531, 0.736894, -0.290291, -1.286824, -1.714440
2024-04-04 16:39:25 0.610583, 0.048531, 0.736894, -0.290291, -1.286824, -1.714440
2024-04-04 16:39:25 0.610583, 0.048531, 0.736894, -0.290291, -1.286824, -1.714440
2024-04-04 16:39:25 0.610583, 0.048531, 0.736894, -0.290291, -1.286824, -1.714440
2024-04-04 16:39:25 0.610583, 0.048531, 0.736894, -0.290291, -1.286824, -1.714440
2024-04-04 16:39:25 0.610583, 0.048531, 0.736894, -0.290291, -1.286824, -1.714440
2024-04-04 16:39:25 0.610583, 0.048531, 0.736894, -0.290291, -1.286824, -1.714440
2024-04-04 16:39:25 0.610583, 0.048531, 0.736894, -0.290291, -1.286824, -1.714440
2024-04-04 16:39:25 0.610583, 0.048531, 0.736894, -0.290291, -1.286824, -1.714440
2024-04-04 16:39:25 0.610583, 0.048531, 0.736894, -0.290291, -1.286824, -1.714440
2024-04-04 16:39:25 0.610583, 0.048531, 0.736894, -0.290291, -1.286824, -1.714440
2024-04-04 16:39:25 0.610583, 0.048531, 0.736894, -0.290291, -1.286824, -1.714440
2024-04-04 16:39:25 0.610583, 0.048531, 0.736894, -0.290291, -1.286824, -1.714440
2024-04-04 16:39:25 0.610583, 0.048531, 0.736894, -0.290291, -1.286824, -1.714440
2024-04-04 16:39:25 0.610583, 0.048531, 0.736894, -0.290291, -1.286824, -1.714440
2024-04-04 16:39:25 0.610583, 0.048531, 0.736894, -0.290291, -1.286824, -1.714440
2024-04-04 16:39:25 0.610583, 0.048531, 0.736894, -0.290291, -1.286824, -1.714440
2024-04-04 16:39:25 0.610583, 0.048531, 0.736894, -0.290291, -1.286824, -1.714440
2024-04-04 16:39:25 0.610583, 0.048531, 0.736894, -0.290291, -1.286824, -1.714440
2024-04-04 16:39:25 0.610583, 0.048531, 0.736894, -0.290291, -1.286824, -1.714440
2024-04-04 16:39:25 0.610583, 0.048531, 0.736894, -0.290291, -1.286824, -1.714440
2024-04-04 16:39:25 0.610583, 0.048531, 0.736894, -0.290291, -1.286824, -1.714440
2024-04-04 16:39:25 0.610583, 0.048531, 0.736894, -0.290291, -1.286824, -1.714440
2024-04-04 16:39:25 0.610583, 0.048531, 0.736894, -0.290291, -1.286824, -1.714440
2024-04-04 16:39:25 0.610583, 0.048531, 0.736894, -0.290291, -1.286824, -1.714440
2024-04-04 16:39:25 0.610583, 0.048531, 0.736894, -0.290291, -1.286824, -1.714440
2024-04-04 16:39:25 0.610583, 0.048531, 0.736894, -0.290291, -1.286824, -1.714440
2024-04-04 16:39:25 0.610583, 0.048531, 0.736894, -0.290291, -1.286824, -1.714440
2024-04-04 16:39:25 0.610583, 0.048531, 0.736894, -0.290291, -1.286824, -1.714440
2024-04-04 16:39:25 0.610583, 0.048531, 0.736894, -0.290291, -1.286824, -1.714440
2024-04-04 16:39:25 0.610583, 0.048531, 0.736894, -0.290291, -1.286824, -1.714440
2024-04-04 16:39:25 0.610583, 0.048531, 0.736894, -0.290291, -1.286824, -1.714440
2024-04-04 16:39:26 0.610583, 0.048531, 0.736894, -0.290291, -1.286824, -1.714440
2024-04-04 16:39:26 0.610583, 0.048531, 0.736894, -0.290291, -1.286824, -1.714440
2024-04-04 16:39:26 0.610583, 0.048531, 0.736894, -0.290291, -1.286824, -1.714440
2024-04-04 16:39:26 0.610583, 0.048531, 0.736894, -0.290291, -1.286824, -1.714440
2024-04-04 16:39:26 0.610583, 0.048531, 0.736894, -0.290291, -1.286824, -1.714440
2024-04-04 16:39:26 0.610583, 0.048531, 0.736894, -0.290291, -1.286824, -1.714440
2024-04-04 16:39:26 0.610208, 0.048442, 0.736295, -0.291075, -1.286714, -1.714950
2024-04-04 16:39:26 0.610208, 0.048442, 0.736295, -0.291075, -1.286714, -1.714950
2024-04-04 16:39:26 0.610208, 0.048442, 0.736295, -0.291075, -1.286714, -1.714950
2024-04-04 16:39:26 0.610208, 0.048442, 0.736295, -0.291075, -1.286714, -1.714950
2024-04-04 16:39:26 0.610208, 0.048442, 0.736295, -0.291075, -1.286714, -1.714950
2024-04-04 16:39:26 0.610208, 0.048442, 0.736295, -0.291075, -1.286714, -1.714950
2024-04-04 16:39:26 0.610208, 0.048442, 0.736295, -0.291075, -1.286714, -1.714950
2024-04-04 16:39:26 0.610208, 0.048442, 0.736295, -0.291075, -1.286714, -1.714950
2024-04-04 16:39:26 0.610208, 0.048442, 0.736295, -0.291075, -1.286714, -1.714950
2024-04-04 16:39:26 0.610208, 0.048442, 0.736295, -0.291075, -1.286714, -1.714950
2024-04-04 16:39:26 0.610208, 0.048442, 0.736295, -0.291075, -1.286714, -1.714950
2024-04-04 16:39:26 0.610208, 0.048442, 0.736295, -0.291075, -1.286714, -1.714950
2024-04-04 16:39:26 0.610208, 0.048442, 0.736295, -0.291075, -1.286714, -1.714950
2024-04-04 16:39:26 0.610208, 0.048442, 0.736295, -0.291075, -1.286714, -1.714950
2024-04-04 16:39:26 0.610208, 0.048442, 0.736295, -0.291075, -1.286714, -1.714950
2024-04-04 16:39:26 0.610208, 0.048442, 0.736295, -0.291075, -1.286714, -1.714950
2024-04-04 16:39:26 0.610208, 0.048442, 0.736295, -0.291075, -1.286714, -1.714950
2024-04-04 16:39:26 0.610208, 0.048442, 0.736295, -0.291075, -1.286714, -1.714950
2024-04-04 16:39:26 0.610208, 0.048442, 0.736295, -0.291075, -1.286714, -1.714950
2024-04-04 16:39:26 0.610208, 0.048442, 0.736295, -0.291075, -1.286714, -1.714950
2024-04-04 16:39:26 0.610208, 0.048442, 0.736295, -0.291075, -1.286714, -1.714950
2024-04-04 16:39:26 0.610208, 0.048442, 0.736295, -0.291075, -1.286714, -1.714950
2024-04-04 16:39:26 0.610208, 0.048442, 0.736295, -0.291075, -1.286714, -1.714950
2024-04-04 16:39:26 0.610208, 0.048442, 0.736295, -0.291075, -1.286714, -1.714950
2024-04-04 16:39:26 0.610208, 0.048442, 0.736295, -0.291075, -1.286714, -1.714950
2024-04-04 16:39:26 0.610208, 0.048442, 0.736295, -0.291075, -1.286714, -1.714950
2024-04-04 16:39:26 0.610208, 0.048442, 0.736295, -0.291075, -1.286714, -1.714950
2024-04-04 16:39:26 0.610208, 0.048442, 0.736295, -0.291075, -1.286714, -1.714950
2024-04-04 16:39:26 0.610208, 0.048442, 0.736295, -0.291075, -1.286714, -1.714950
2024-04-04 16:39:26 0.610208, 0.048442, 0.736295, -0.291075, -1.286714, -1.714950
2024-04-04 16:39:26 0.610208, 0.048442, 0.736295, -0.291075, -1.286714, -1.714950
2024-04-04 16:39:26 0.610208, 0.048442, 0.736295, -0.291075, -1.286714, -1.714950
2024-04-04 16:39:26 0.610208, 0.048442, 0.736295, -0.291075, -1.286714, -1.714950
2024-04-04 16:39:26 0.610208, 0.048442, 0.736295, -0.291075, -1.286714, -1.714950
2024-04-04 16:39:26 0.610208, 0.048442, 0.736295, -0.291075, -1.286714, -1.714950
2024-04-04 16:39:26 0.610208, 0.048442, 0.736295, -0.291075, -1.286714, -1.714950
2024-04-04 16:39:26 0.610208, 0.048442, 0.736295, -0.291075, -1.286714, -1.714950
2024-04-04 16:39:26 0.610208, 0.048442, 0.736295, -0.291075, -1.286714, -1.714950
2024-04-04 16:39:26 0.610208, 0.048442, 0.736295, -0.291075, -1.286714, -1.714950
2024-04-04 16:39:26 0.610208, 0.048442, 0.736295, -0.291075, -1.286714, -1.714950
2024-04-04 16:39:26 0.610208, 0.048442, 0.736295, -0.291075, -1.286714, -1.714950
2024-04-04 16:39:26 0.610208, 0.048442, 0.736295, -0.291075, -1.286714, -1.714950
2024-04-04 16:39:26 0.610208, 0.048442, 0.736295, -0.291075, -1.286714, -1.714950
2024-04-04 16:39:26 0.610208, 0.048442, 0.736295, -0.291075, -1.286714, -1.714950
2024-04-04 16:39:26 0.610208, 0.048442, 0.736295, -0.291075, -1.286714, -1.714950
2024-04-04 16:39:26 0.610208, 0.048442, 0.736295, -0.291075, -1.286714, -1.714950
2024-04-04 16:39:26 0.610208, 0.048442, 0.736295, -0.291075, -1.286714, -1.714950
2024-04-04 16:39:26 0.610208, 0.048442, 0.736295, -0.291075, -1.286714, -1.714950
2024-04-04 16:39:26 0.610208, 0.048442, 0.736295, -0.291075, -1.286714, -1.714950
2024-04-04 16:39:26 0.610208, 0.048442, 0.736295, -0.291075, -1.286714, -1.714950
2024-04-04 16:39:26 0.610208, 0.048442, 0.736295, -0.291075, -1.286714, -1.714950
2024-04-04 16:39:26 0.610208, 0.048442, 0.736295, -0.291075, -1.286714, -1.714950
2024-04-04 16:39:26 0.610208, 0.048442, 0.736295, -0.291075, -1.286714, -1.714950
2024-04-04 16:39:26 0.610208, 0.048442, 0.736295, -0.291075, -1.286714, -1.714950
2024-04-04 16:39:26 0.610208, 0.048442, 0.736295, -0.291075, -1.286714, -1.714950
2024-04-04 16:39:26 0.610208, 0.048442, 0.736295, -0.291075, -1.286714, -1.714950
2024-04-04 16:39:26 0.610208, 0.048442, 0.736295, -0.291075, -1.286714, -1.714950
2024-04-04 16:39:27 0.610208, 0.048442, 0.736295, -0.291075, -1.286714, -1.714950
2024-04-04 16:39:27 0.610208, 0.048442, 0.736295, -0.291075, -1.286714, -1.714950
2024-04-04 16:39:27 0.610208, 0.048442, 0.736295, -0.291075, -1.286714, -1.714950
2024-04-04 16:39:27 0.610208, 0.048442, 0.736295, -0.291075, -1.286714, -1.714950
2024-04-04 16:39:27 0.610208, 0.048442, 0.736295, -0.291075, -1.286714, -1.714950
2024-04-04 16:39:27 0.610208, 0.048442, 0.736295, -0.291075, -1.286714, -1.714950
2024-04-04 16:39:27 0.610208, 0.048442, 0.736295, -0.291075, -1.286714, -1.714950
2024-04-04 16:39:27 0.610208, 0.048442, 0.736295, -0.291075, -1.286714, -1.714950
2024-04-04 16:39:27 0.610208, 0.048442, 0.736295, -0.291075, -1.286714, -1.714950
2024-04-04 16:39:27 0.610208, 0.048442, 0.736295, -0.291075, -1.286714, -1.714950
2024-04-04 16:39:27 0.610461, 0.048312, 0.736505, -0.291198, -1.286874, -1.714940
2024-04-04 16:39:27 0.610461, 0.048312, 0.736505, -0.291198, -1.286874, -1.714940
2024-04-04 16:39:27 0.610461, 0.048312, 0.736505, -0.291198, -1.286874, -1.714940
2024-04-04 16:39:27 0.610461, 0.048312, 0.736505, -0.291198, -1.286874, -1.714940
2024-04-04 16:39:27 0.610461, 0.048312, 0.736505, -0.291198, -1.286874, -1.714940
2024-04-04 16:39:27 0.610461, 0.048312, 0.736505, -0.291198, -1.286874, -1.714940
2024-04-04 16:39:27 0.610461, 0.048312, 0.736505, -0.291198, -1.286874, -1.714940
2024-04-04 16:39:27 0.610461, 0.048312, 0.736505, -0.291198, -1.286874, -1.714940
2024-04-04 16:39:27 0.610461, 0.048312, 0.736505, -0.291198, -1.286874, -1.714940
2024-04-04 16:39:27 0.610461, 0.048312, 0.736505, -0.291198, -1.286874, -1.714940
2024-04-04 16:39:27 0.610461, 0.048312, 0.736505, -0.291198, -1.286874, -1.714940
2024-04-04 16:39:27 0.610461, 0.048312, 0.736505, -0.291198, -1.286874, -1.714940
2024-04-04 16:39:27 0.610461, 0.048312, 0.736505, -0.291198, -1.286874, -1.714940
2024-04-04 16:39:27 0.610461, 0.048312, 0.736505, -0.291198, -1.286874, -1.714940
2024-04-04 16:39:27 0.610461, 0.048312, 0.736505, -0.291198, -1.286874, -1.714940
2024-04-04 16:39:27 0.610461, 0.048312, 0.736505, -0.291198, -1.286874, -1.714940
2024-04-04 16:39:27 0.610461, 0.048312, 0.736505, -0.291198, -1.286874, -1.714940
2024-04-04 16:39:27 0.610461, 0.048312, 0.736505, -0.291198, -1.286874, -1.714940
2024-04-04 16:39:27 0.610461, 0.048312, 0.736505, -0.291198, -1.286874, -1.714940
2024-04-04 16:39:27 0.610461, 0.048312, 0.736505, -0.291198, -1.286874, -1.714940
2024-04-04 16:39:27 0.610461, 0.048312, 0.736505, -0.291198, -1.286874, -1.714940
2024-04-04 16:39:27 0.610461, 0.048312, 0.736505, -0.291198, -1.286874, -1.714940
2024-04-04 16:39:27 0.610461, 0.048312, 0.736505, -0.291198, -1.286874, -1.714940
2024-04-04 16:39:27 0.610461, 0.048312, 0.736505, -0.291198, -1.286874, -1.714940
2024-04-04 16:39:27 0.610461, 0.048312, 0.736505, -0.291198, -1.286874, -1.714940
2024-04-04 16:39:27 0.610461, 0.048312, 0.736505, -0.291198, -1.286874, -1.714940
2024-04-04 16:39:27 0.610461, 0.048312, 0.736505, -0.291198, -1.286874, -1.714940
2024-04-04 16:39:27 0.610461, 0.048312, 0.736505, -0.291198, -1.286874, -1.714940
2024-04-04 16:39:27 0.610461, 0.048312, 0.736505, -0.291198, -1.286874, -1.714940
2024-04-04 16:39:27 0.610461, 0.048312, 0.736505, -0.291198, -1.286874, -1.714940
2024-04-04 16:39:27 0.610461, 0.048312, 0.736505, -0.291198, -1.286874, -1.714940
2024-04-04 16:39:27 0.610461, 0.048312, 0.736505, -0.291198, -1.286874, -1.714940
2024-04-04 16:39:27 0.610461, 0.048312, 0.736505, -0.291198, -1.286874, -1.714940
2024-04-04 16:39:27 0.610461, 0.048312, 0.736505, -0.291198, -1.286874, -1.714940
2024-04-04 16:39:27 0.610461, 0.048312, 0.736505, -0.291198, -1.286874, -1.714940
2024-04-04 16:39:27 0.610461, 0.048312, 0.736505, -0.291198, -1.286874, -1.714940
2024-04-04 16:39:27 0.610461, 0.048312, 0.736505, -0.291198, -1.286874, -1.714940
2024-04-04 16:39:27 0.610461, 0.048312, 0.736505, -0.291198, -1.286874, -1.714940
2024-04-04 16:39:27 0.610461, 0.048312, 0.736505, -0.291198, -1.286874, -1.714940
2024-04-04 16:39:27 0.610461, 0.048312, 0.736505, -0.291198, -1.286874, -1.714940
2024-04-04 16:39:27 0.610461, 0.048312, 0.736505, -0.291198, -1.286874, -1.714940
2024-04-04 16:39:27 0.610461, 0.048312, 0.736505, -0.291198, -1.286874, -1.714940
2024-04-04 16:39:27 0.610461, 0.048312, 0.736505, -0.291198, -1.286874, -1.714940
2024-04-04 16:39:27 0.610461, 0.048312, 0.736505, -0.291198, -1.286874, -1.714940
2024-04-04 16:39:27 0.610461, 0.048312, 0.736505, -0.291198, -1.286874, -1.714940
2024-04-04 16:39:27 0.610461, 0.048312, 0.736505, -0.291198, -1.286874, -1.714940
2024-04-04 16:39:27 0.610461, 0.048312, 0.736505, -0.291198, -1.286874, -1.714940
2024-04-04 16:39:27 0.610461, 0.048312, 0.736505, -0.291198, -1.286874, -1.714940
2024-04-04 16:39:27 0.610461, 0.048312, 0.736505, -0.291198, -1.286874, -1.714940
2024-04-04 16:39:27 0.610461, 0.048312, 0.736505, -0.291198, -1.286874, -1.714940
2024-04-04 16:39:27 0.610461, 0.048312, 0.736505, -0.291198, -1.286874, -1.714940
2024-04-04 16:39:27 0.610461, 0.048312, 0.736505, -0.291198, -1.286874, -1.714940
2024-04-04 16:39:27 0.610461, 0.048312, 0.736505, -0.291198, -1.286874, -1.714940
2024-04-04 16:39:27 0.610461, 0.048312, 0.736505, -0.291198, -1.286874, -1.714940
2024-04-04 16:39:28 0.610461, 0.048312, 0.736505, -0.291198, -1.286874, -1.714940
2024-04-04 16:39:28 0.610461, 0.048312, 0.736505, -0.291198, -1.286874, -1.714940
2024-04-04 16:39:28 0.610461, 0.048312, 0.736505, -0.291198, -1.286874, -1.714940
2024-04-04 16:39:28 0.610461, 0.048312, 0.736505, -0.291198, -1.286874, -1.714940
2024-04-04 16:39:28 0.610461, 0.048312, 0.736505, -0.291198, -1.286874, -1.714940
2024-04-04 16:39:28 0.610461, 0.048312, 0.736505, -0.291198, -1.286874, -1.714940
2024-04-04 16:39:28 0.610461, 0.048312, 0.736505, -0.291198, -1.286874, -1.714940
2024-04-04 16:39:28 0.610461, 0.048312, 0.736505, -0.291198, -1.286874, -1.714940
2024-04-04 16:39:28 0.610461, 0.048312, 0.736505, -0.291198, -1.286874, -1.714940
2024-04-04 16:39:28 0.610461, 0.048312, 0.736505, -0.291198, -1.286874, -1.714940
2024-04-04 16:39:28 0.610461, 0.048312, 0.736505, -0.291198, -1.286874, -1.714940
2024-04-04 16:39:28 0.610461, 0.048312, 0.736505, -0.291198, -1.286874, -1.714940
2024-04-04 16:39:28 0.610461, 0.048312, 0.736505, -0.291198, -1.286874, -1.714940
2024-04-04 16:39:28 0.610461, 0.048312, 0.736505, -0.291198, -1.286874, -1.714940
2024-04-04 16:39:28 0.610489, 0.048453, 0.736359, -0.292555, -1.286699, -1.715413
2024-04-04 16:39:28 0.610489, 0.048453, 0.736359, -0.292555, -1.286699, -1.715413
2024-04-04 16:39:28 0.610489, 0.048453, 0.736359, -0.292555, -1.286699, -1.715413
2024-04-04 16:39:28 0.610489, 0.048453, 0.736359, -0.292555, -1.286699, -1.715413
2024-04-04 16:39:28 0.610489, 0.048453, 0.736359, -0.292555, -1.286699, -1.715413
2024-04-04 16:39:28 0.610489, 0.048453, 0.736359, -0.292555, -1.286699, -1.715413
2024-04-04 16:39:28 0.610489, 0.048453, 0.736359, -0.292555, -1.286699, -1.715413
2024-04-04 16:39:28 0.610489, 0.048453, 0.736359, -0.292555, -1.286699, -1.715413
2024-04-04 16:39:28 0.610489, 0.048453, 0.736359, -0.292555, -1.286699, -1.715413
2024-04-04 16:39:28 0.610489, 0.048453, 0.736359, -0.292555, -1.286699, -1.715413
2024-04-04 16:39:28 0.610489, 0.048453, 0.736359, -0.292555, -1.286699, -1.715413
2024-04-04 16:39:28 0.610489, 0.048453, 0.736359, -0.292555, -1.286699, -1.715413
2024-04-04 16:39:28 0.610489, 0.048453, 0.736359, -0.292555, -1.286699, -1.715413
2024-04-04 16:39:28 0.610489, 0.048453, 0.736359, -0.292555, -1.286699, -1.715413
2024-04-04 16:39:28 0.610489, 0.048453, 0.736359, -0.292555, -1.286699, -1.715413
2024-04-04 16:39:28 0.610489, 0.048453, 0.736359, -0.292555, -1.286699, -1.715413
2024-04-04 16:39:28 0.610489, 0.048453, 0.736359, -0.292555, -1.286699, -1.715413
2024-04-04 16:39:28 0.610489, 0.048453, 0.736359, -0.292555, -1.286699, -1.715413
2024-04-04 16:39:28 0.610489, 0.048453, 0.736359, -0.292555, -1.286699, -1.715413
2024-04-04 16:39:28 0.610489, 0.048453, 0.736359, -0.292555, -1.286699, -1.715413
2024-04-04 16:39:28 0.610489, 0.048453, 0.736359, -0.292555, -1.286699, -1.715413
2024-04-04 16:39:28 0.610489, 0.048453, 0.736359, -0.292555, -1.286699, -1.715413
2024-04-04 16:39:28 0.610489, 0.048453, 0.736359, -0.292555, -1.286699, -1.715413
2024-04-04 16:39:28 0.610489, 0.048453, 0.736359, -0.292555, -1.286699, -1.715413
2024-04-04 16:39:28 0.610489, 0.048453, 0.736359, -0.292555, -1.286699, -1.715413
2024-04-04 16:39:28 0.610489, 0.048453, 0.736359, -0.292555, -1.286699, -1.715413
2024-04-04 16:39:28 0.610489, 0.048453, 0.736359, -0.292555, -1.286699, -1.715413
2024-04-04 16:39:28 0.610489, 0.048453, 0.736359, -0.292555, -1.286699, -1.715413
2024-04-04 16:39:28 0.610489, 0.048453, 0.736359, -0.292555, -1.286699, -1.715413
2024-04-04 16:39:28 0.610489, 0.048453, 0.736359, -0.292555, -1.286699, -1.715413
2024-04-04 16:39:28 0.610489, 0.048453, 0.736359, -0.292555, -1.286699, -1.715413
2024-04-04 16:39:28 0.610489, 0.048453, 0.736359, -0.292555, -1.286699, -1.715413
2024-04-04 16:39:28 0.610489, 0.048453, 0.736359, -0.292555, -1.286699, -1.715413
2024-04-04 16:39:28 0.610489, 0.048453, 0.736359, -0.292555, -1.286699, -1.715413
2024-04-04 16:39:28 0.610489, 0.048453, 0.736359, -0.292555, -1.286699, -1.715413
2024-04-04 16:39:28 0.610489, 0.048453, 0.736359, -0.292555, -1.286699, -1.715413
2024-04-04 16:39:28 0.610489, 0.048453, 0.736359, -0.292555, -1.286699, -1.715413
2024-04-04 16:39:28 0.610489, 0.048453, 0.736359, -0.292555, -1.286699, -1.715413
2024-04-04 16:39:28 0.610489, 0.048453, 0.736359, -0.292555, -1.286699, -1.715413
2024-04-04 16:39:28 0.610489, 0.048453, 0.736359, -0.292555, -1.286699, -1.715413
2024-04-04 16:39:28 0.610489, 0.048453, 0.736359, -0.292555, -1.286699, -1.715413
2024-04-04 16:39:28 0.610489, 0.048453, 0.736359, -0.292555, -1.286699, -1.715413
2024-04-04 16:39:28 0.610489, 0.048453, 0.736359, -0.292555, -1.286699, -1.715413
2024-04-04 16:39:28 0.610489, 0.048453, 0.736359, -0.292555, -1.286699, -1.715413
2024-04-04 16:39:28 0.610489, 0.048453, 0.736359, -0.292555, -1.286699, -1.715413
2024-04-04 16:39:28 0.610489, 0.048453, 0.736359, -0.292555, -1.286699, -1.715413
2024-04-04 16:39:28 0.610489, 0.048453, 0.736359, -0.292555, -1.286699, -1.715413
2024-04-04 16:39:28 0.610489, 0.048453, 0.736359, -0.292555, -1.286699, -1.715413
2024-04-04 16:39:28 0.610489, 0.048453, 0.736359, -0.292555, -1.286699, -1.715413
2024-04-04 16:39:28 0.610489, 0.048453, 0.736359, -0.292555, -1.286699, -1.715413
2024-04-04 16:39:29 0.610489, 0.048453, 0.736359, -0.292555, -1.286699, -1.715413
2024-04-04 16:39:29 0.610489, 0.048453, 0.736359, -0.292555, -1.286699, -1.715413
2024-04-04 16:39:29 0.610489, 0.048453, 0.736359, -0.292555, -1.286699, -1.715413
2024-04-04 16:39:29 0.610489, 0.048453, 0.736359, -0.292555, -1.286699, -1.715413
2024-04-04 16:39:29 0.610489, 0.048453, 0.736359, -0.292555, -1.286699, -1.715413
2024-04-04 16:39:29 0.610489, 0.048453, 0.736359, -0.292555, -1.286699, -1.715413
2024-04-04 16:39:29 0.610489, 0.048453, 0.736359, -0.292555, -1.286699, -1.715413
2024-04-04 16:39:29 0.610489, 0.048453, 0.736359, -0.292555, -1.286699, -1.715413
2024-04-04 16:39:29 0.610489, 0.048453, 0.736359, -0.292555, -1.286699, -1.715413
2024-04-04 16:39:29 0.610489, 0.048453, 0.736359, -0.292555, -1.286699, -1.715413
2024-04-04 16:39:29 0.610489, 0.048453, 0.736359, -0.292555, -1.286699, -1.715413
2024-04-04 16:39:29 0.610489, 0.048453, 0.736359, -0.292555, -1.286699, -1.715413
2024-04-04 16:39:29 0.610489, 0.048453, 0.736359, -0.292555, -1.286699, -1.715413
2024-04-04 16:39:29 0.610489, 0.048453, 0.736359, -0.292555, -1.286699, -1.715413
2024-04-04 16:39:29 0.610489, 0.048453, 0.736359, -0.292555, -1.286699, -1.715413
2024-04-04 16:39:29 0.610489, 0.048453, 0.736359, -0.292555, -1.286699, -1.715413
2024-04-04 16:39:29 0.610489, 0.048453, 0.736359, -0.292555, -1.286699, -1.715413
2024-04-04 16:39:29 0.610489, 0.048453, 0.736359, -0.292555, -1.286699, -1.715413
2024-04-04 16:39:29 0.610489, 0.048453, 0.736359, -0.292555, -1.286699, -1.715413
2024-04-04 16:39:29 0.610489, 0.048453, 0.736359, -0.292555, -1.286699, -1.715413
2024-04-04 16:39:29 0.609740, 0.048527, 0.736478, -0.288422, -1.286911, -1.714556
2024-04-04 16:39:29 0.609740, 0.048527, 0.736478, -0.288422, -1.286911, -1.714556
2024-04-04 16:39:29 0.609740, 0.048527, 0.736478, -0.288422, -1.286911, -1.714556
2024-04-04 16:39:29 0.609740, 0.048527, 0.736478, -0.288422, -1.286911, -1.714556
2024-04-04 16:39:29 0.609740, 0.048527, 0.736478, -0.288422, -1.286911, -1.714556
2024-04-04 16:39:29 0.609740, 0.048527, 0.736478, -0.288422, -1.286911, -1.714556
2024-04-04 16:39:29 0.609740, 0.048527, 0.736478, -0.288422, -1.286911, -1.714556
2024-04-04 16:39:29 0.609740, 0.048527, 0.736478, -0.288422, -1.286911, -1.714556
2024-04-04 16:39:29 0.609740, 0.048527, 0.736478, -0.288422, -1.286911, -1.714556
2024-04-04 16:39:29 0.609740, 0.048527, 0.736478, -0.288422, -1.286911, -1.714556
2024-04-04 16:39:29 0.609740, 0.048527, 0.736478, -0.288422, -1.286911, -1.714556
2024-04-04 16:39:29 0.609740, 0.048527, 0.736478, -0.288422, -1.286911, -1.714556
2024-04-04 16:39:29 0.609740, 0.048527, 0.736478, -0.288422, -1.286911, -1.714556
2024-04-04 16:39:29 0.609740, 0.048527, 0.736478, -0.288422, -1.286911, -1.714556
2024-04-04 16:39:29 0.609740, 0.048527, 0.736478, -0.288422, -1.286911, -1.714556
2024-04-04 16:39:29 0.609740, 0.048527, 0.736478, -0.288422, -1.286911, -1.714556
2024-04-04 16:39:29 0.609740, 0.048527, 0.736478, -0.288422, -1.286911, -1.714556
2024-04-04 16:39:29 0.609740, 0.048527, 0.736478, -0.288422, -1.286911, -1.714556
2024-04-04 16:39:29 0.609740, 0.048527, 0.736478, -0.288422, -1.286911, -1.714556
2024-04-04 16:39:29 0.609740, 0.048527, 0.736478, -0.288422, -1.286911, -1.714556
2024-04-04 16:39:29 0.609740, 0.048527, 0.736478, -0.288422, -1.286911, -1.714556
2024-04-04 16:39:29 0.609740, 0.048527, 0.736478, -0.288422, -1.286911, -1.714556
2024-04-04 16:39:29 0.609740, 0.048527, 0.736478, -0.288422, -1.286911, -1.714556
2024-04-04 16:39:29 0.609740, 0.048527, 0.736478, -0.288422, -1.286911, -1.714556
2024-04-04 16:39:29 0.609740, 0.048527, 0.736478, -0.288422, -1.286911, -1.714556
2024-04-04 16:39:29 0.609740, 0.048527, 0.736478, -0.288422, -1.286911, -1.714556
2024-04-04 16:39:29 0.609740, 0.048527, 0.736478, -0.288422, -1.286911, -1.714556
2024-04-04 16:39:29 0.609740, 0.048527, 0.736478, -0.288422, -1.286911, -1.714556
2024-04-04 16:39:29 0.609740, 0.048527, 0.736478, -0.288422, -1.286911, -1.714556
2024-04-04 16:39:29 0.609740, 0.048527, 0.736478, -0.288422, -1.286911, -1.714556
2024-04-04 16:39:29 0.609740, 0.048527, 0.736478, -0.288422, -1.286911, -1.714556
2024-04-04 16:39:29 0.609740, 0.048527, 0.736478, -0.288422, -1.286911, -1.714556
2024-04-04 16:39:29 0.609740, 0.048527, 0.736478, -0.288422, -1.286911, -1.714556
2024-04-04 16:39:29 0.609740, 0.048527, 0.736478, -0.288422, -1.286911, -1.714556
2024-04-04 16:39:29 0.609740, 0.048527, 0.736478, -0.288422, -1.286911, -1.714556
2024-04-04 16:39:29 0.609740, 0.048527, 0.736478, -0.288422, -1.286911, -1.714556
2024-04-04 16:39:29 0.609740, 0.048527, 0.736478, -0.288422, -1.286911, -1.714556
2024-04-04 16:39:29 0.609740, 0.048527, 0.736478, -0.288422, -1.286911, -1.714556
2024-04-04 16:39:29 0.609740, 0.048527, 0.736478, -0.288422, -1.286911, -1.714556
2024-04-04 16:39:29 0.609740, 0.048527, 0.736478, -0.288422, -1.286911, -1.714556
2024-04-04 16:39:29 0.609740, 0.048527, 0.736478, -0.288422, -1.286911, -1.714556
2024-04-04 16:39:29 0.609740, 0.048527, 0.736478, -0.288422, -1.286911, -1.714556
2024-04-04 16:39:29 0.609740, 0.048527, 0.736478, -0.288422, -1.286911, -1.714556
2024-04-04 16:39:29 0.609740, 0.048527, 0.736478, -0.288422, -1.286911, -1.714556
2024-04-04 16:39:30 0.609740, 0.048527, 0.736478, -0.288422, -1.286911, -1.714556
2024-04-04 16:39:30 0.609740, 0.048527, 0.736478, -0.288422, -1.286911, -1.714556
2024-04-04 16:39:30 0.609740, 0.048527, 0.736478, -0.288422, -1.286911, -1.714556
2024-04-04 16:39:30 0.609740, 0.048527, 0.736478, -0.288422, -1.286911, -1.714556
2024-04-04 16:39:30 0.609740, 0.048527, 0.736478, -0.288422, -1.286911, -1.714556
2024-04-04 16:39:30 0.609740, 0.048527, 0.736478, -0.288422, -1.286911, -1.714556
2024-04-04 16:39:30 0.609740, 0.048527, 0.736478, -0.288422, -1.286911, -1.714556
2024-04-04 16:39:30 0.609740, 0.048527, 0.736478, -0.288422, -1.286911, -1.714556
2024-04-04 16:39:30 0.609740, 0.048527, 0.736478, -0.288422, -1.286911, -1.714556
2024-04-04 16:39:30 0.609740, 0.048527, 0.736478, -0.288422, -1.286911, -1.714556
2024-04-04 16:39:30 0.609740, 0.048527, 0.736478, -0.288422, -1.286911, -1.714556
2024-04-04 16:39:30 0.609740, 0.048527, 0.736478, -0.288422, -1.286911, -1.714556
2024-04-04 16:39:30 0.609740, 0.048527, 0.736478, -0.288422, -1.286911, -1.714556
2024-04-04 16:39:30 0.609740, 0.048527, 0.736478, -0.288422, -1.286911, -1.714556
2024-04-04 16:39:30 0.609740, 0.048527, 0.736478, -0.288422, -1.286911, -1.714556
2024-04-04 16:39:30 0.609740, 0.048527, 0.736478, -0.288422, -1.286911, -1.714556
2024-04-04 16:39:30 0.609740, 0.048527, 0.736478, -0.288422, -1.286911, -1.714556
2024-04-04 16:39:30 0.609740, 0.048527, 0.736478, -0.288422, -1.286911, -1.714556
2024-04-04 16:39:30 0.609740, 0.048527, 0.736478, -0.288422, -1.286911, -1.714556
2024-04-04 16:39:30 0.609740, 0.048527, 0.736478, -0.288422, -1.286911, -1.714556
2024-04-04 16:39:30 0.609740, 0.048527, 0.736478, -0.288422, -1.286911, -1.714556
2024-04-04 16:39:30 0.609740, 0.048527, 0.736478, -0.288422, -1.286911, -1.714556
2024-04-04 16:39:30 0.609740, 0.048527, 0.736478, -0.288422, -1.286911, -1.714556
2024-04-04 16:39:30 0.609740, 0.048527, 0.736478, -0.288422, -1.286911, -1.714556
2024-04-04 16:39:30 0.609740, 0.048527, 0.736478, -0.288422, -1.286911, -1.714556
2024-04-04 16:39:30 0.609740, 0.048527, 0.736478, -0.288422, -1.286911, -1.714556
2024-04-04 16:39:30 0.609740, 0.048527, 0.736478, -0.288422, -1.286911, -1.714556
2024-04-04 16:39:30 0.610122, 0.048456, 0.736371, -0.290253, -1.286549, -1.714268
2024-04-04 16:39:30 0.610122, 0.048456, 0.736371, -0.290253, -1.286549, -1.714268
2024-04-04 16:39:30 0.610122, 0.048456, 0.736371, -0.290253, -1.286549, -1.714268
2024-04-04 16:39:30 0.610122, 0.048456, 0.736371, -0.290253, -1.286549, -1.714268
2024-04-04 16:39:30 0.610122, 0.048456, 0.736371, -0.290253, -1.286549, -1.714268
2024-04-04 16:39:30 0.610122, 0.048456, 0.736371, -0.290253, -1.286549, -1.714268
2024-04-04 16:39:30 0.610122, 0.048456, 0.736371, -0.290253, -1.286549, -1.714268
2024-04-04 16:39:30 0.610122, 0.048456, 0.736371, -0.290253, -1.286549, -1.714268
2024-04-04 16:39:30 0.610122, 0.048456, 0.736371, -0.290253, -1.286549, -1.714268
2024-04-04 16:39:30 0.610122, 0.048456, 0.736371, -0.290253, -1.286549, -1.714268
2024-04-04 16:39:30 0.610122, 0.048456, 0.736371, -0.290253, -1.286549, -1.714268
2024-04-04 16:39:30 0.610122, 0.048456, 0.736371, -0.290253, -1.286549, -1.714268
2024-04-04 16:39:30 0.610122, 0.048456, 0.736371, -0.290253, -1.286549, -1.714268
2024-04-04 16:39:30 0.610122, 0.048456, 0.736371, -0.290253, -1.286549, -1.714268
2024-04-04 16:39:30 0.610122, 0.048456, 0.736371, -0.290253, -1.286549, -1.714268
2024-04-04 16:39:30 0.610122, 0.048456, 0.736371, -0.290253, -1.286549, -1.714268
2024-04-04 16:39:30 0.610122, 0.048456, 0.736371, -0.290253, -1.286549, -1.714268
2024-04-04 16:39:30 0.610122, 0.048456, 0.736371, -0.290253, -1.286549, -1.714268
2024-04-04 16:39:30 0.610122, 0.048456, 0.736371, -0.290253, -1.286549, -1.714268
2024-04-04 16:39:30 0.610122, 0.048456, 0.736371, -0.290253, -1.286549, -1.714268
2024-04-04 16:39:30 0.610122, 0.048456, 0.736371, -0.290253, -1.286549, -1.714268
2024-04-04 16:39:30 0.610122, 0.048456, 0.736371, -0.290253, -1.286549, -1.714268
2024-04-04 16:39:30 0.610122, 0.048456, 0.736371, -0.290253, -1.286549, -1.714268
2024-04-04 16:39:30 0.610122, 0.048456, 0.736371, -0.290253, -1.286549, -1.714268
2024-04-04 16:39:30 0.610122, 0.048456, 0.736371, -0.290253, -1.286549, -1.714268
2024-04-04 16:39:30 0.610122, 0.048456, 0.736371, -0.290253, -1.286549, -1.714268
2024-04-04 16:39:30 0.610122, 0.048456, 0.736371, -0.290253, -1.286549, -1.714268
2024-04-04 16:39:30 0.610122, 0.048456, 0.736371, -0.290253, -1.286549, -1.714268
2024-04-04 16:39:30 0.610122, 0.048456, 0.736371, -0.290253, -1.286549, -1.714268
2024-04-04 16:39:30 0.610122, 0.048456, 0.736371, -0.290253, -1.286549, -1.714268
2024-04-04 16:39:30 0.610122, 0.048456, 0.736371, -0.290253, -1.286549, -1.714268
2024-04-04 16:39:30 0.610122, 0.048456, 0.736371, -0.290253, -1.286549, -1.714268
2024-04-04 16:39:30 0.610122, 0.048456, 0.736371, -0.290253, -1.286549, -1.714268
2024-04-04 16:39:30 0.610122, 0.048456, 0.736371, -0.290253, -1.286549, -1.714268
2024-04-04 16:39:30 0.610122, 0.048456, 0.736371, -0.290253, -1.286549, -1.714268
2024-04-04 16:39:30 0.610122, 0.048456, 0.736371, -0.290253, -1.286549, -1.714268
2024-04-04 16:39:31 0.610122, 0.048456, 0.736371, -0.290253, -1.286549, -1.714268
2024-04-04 16:39:31 0.610122, 0.048456, 0.736371, -0.290253, -1.286549, -1.714268
2024-04-04 16:39:31 0.610122, 0.048456, 0.736371, -0.290253, -1.286549, -1.714268
2024-04-04 16:39:31 0.610122, 0.048456, 0.736371, -0.290253, -1.286549, -1.714268
2024-04-04 16:39:31 0.610122, 0.048456, 0.736371, -0.290253, -1.286549, -1.714268
2024-04-04 16:39:31 0.610122, 0.048456, 0.736371, -0.290253, -1.286549, -1.714268
2024-04-04 16:39:31 0.610122, 0.048456, 0.736371, -0.290253, -1.286549, -1.714268
2024-04-04 16:39:31 0.610122, 0.048456, 0.736371, -0.290253, -1.286549, -1.714268
2024-04-04 16:39:31 0.610122, 0.048456, 0.736371, -0.290253, -1.286549, -1.714268
2024-04-04 16:39:31 0.610122, 0.048456, 0.736371, -0.290253, -1.286549, -1.714268
2024-04-04 16:39:31 0.610122, 0.048456, 0.736371, -0.290253, -1.286549, -1.714268
2024-04-04 16:39:31 0.610122, 0.048456, 0.736371, -0.290253, -1.286549, -1.714268
2024-04-04 16:39:31 0.610122, 0.048456, 0.736371, -0.290253, -1.286549, -1.714268
2024-04-04 16:39:31 0.610122, 0.048456, 0.736371, -0.290253, -1.286549, -1.714268
2024-04-04 16:39:31 0.610122, 0.048456, 0.736371, -0.290253, -1.286549, -1.714268
2024-04-04 16:39:31 0.610122, 0.048456, 0.736371, -0.290253, -1.286549, -1.714268
2024-04-04 16:39:31 0.610122, 0.048456, 0.736371, -0.290253, -1.286549, -1.714268
2024-04-04 16:39:31 0.610122, 0.048456, 0.736371, -0.290253, -1.286549, -1.714268
2024-04-04 16:39:31 0.610122, 0.048456, 0.736371, -0.290253, -1.286549, -1.714268
2024-04-04 16:39:31 0.610122, 0.048456, 0.736371, -0.290253, -1.286549, -1.714268
2024-04-04 16:39:31 0.610122, 0.048456, 0.736371, -0.290253, -1.286549, -1.714268
2024-04-04 16:39:31 0.610122, 0.048456, 0.736371, -0.290253, -1.286549, -1.714268
2024-04-04 16:39:31 0.610122, 0.048456, 0.736371, -0.290253, -1.286549, -1.714268
2024-04-04 16:39:31 0.610122, 0.048456, 0.736371, -0.290253, -1.286549, -1.714268
2024-04-04 16:39:31 0.610122, 0.048456, 0.736371, -0.290253, -1.286549, -1.714268
2024-04-04 16:39:31 0.610122, 0.048456, 0.736371, -0.290253, -1.286549, -1.714268
2024-04-04 16:39:31 0.610122, 0.048456, 0.736371, -0.290253, -1.286549, -1.714268
2024-04-04 16:39:31 0.610122, 0.048456, 0.736371, -0.290253, -1.286549, -1.714268
2024-04-04 16:39:31 0.610122, 0.048456, 0.736371, -0.290253, -1.286549, -1.714268
2024-04-04 16:39:31 0.610122, 0.048456, 0.736371, -0.290253, -1.286549, -1.714268
2024-04-04 16:39:31 0.610122, 0.048456, 0.736371, -0.290253, -1.286549, -1.714268
2024-04-04 16:39:31 0.610122, 0.048456, 0.736371, -0.290253, -1.286549, -1.714268
2024-04-04 16:39:31 0.610202, 0.048288, 0.736433, -0.291240, -1.286641, -1.715260
2024-04-04 16:39:31 0.610202, 0.048288, 0.736433, -0.291240, -1.286641, -1.715260
2024-04-04 16:39:31 0.610202, 0.048288, 0.736433, -0.291240, -1.286641, -1.715260
2024-04-04 16:39:31 0.610202, 0.048288, 0.736433, -0.291240, -1.286641, -1.715260
2024-04-04 16:39:31 0.610202, 0.048288, 0.736433, -0.291240, -1.286641, -1.715260
2024-04-04 16:39:31 0.610202, 0.048288, 0.736433, -0.291240, -1.286641, -1.715260
2024-04-04 16:39:31 0.610202, 0.048288, 0.736433, -0.291240, -1.286641, -1.715260
2024-04-04 16:39:31 0.610202, 0.048288, 0.736433, -0.291240, -1.286641, -1.715260
2024-04-04 16:39:31 0.610202, 0.048288, 0.736433, -0.291240, -1.286641, -1.715260
2024-04-04 16:39:31 0.610202, 0.048288, 0.736433, -0.291240, -1.286641, -1.715260
2024-04-04 16:39:31 0.610202, 0.048288, 0.736433, -0.291240, -1.286641, -1.715260
2024-04-04 16:39:31 0.610202, 0.048288, 0.736433, -0.291240, -1.286641, -1.715260
2024-04-04 16:39:31 0.610202, 0.048288, 0.736433, -0.291240, -1.286641, -1.715260
2024-04-04 16:39:31 0.610202, 0.048288, 0.736433, -0.291240, -1.286641, -1.715260
2024-04-04 16:39:31 0.610202, 0.048288, 0.736433, -0.291240, -1.286641, -1.715260
2024-04-04 16:39:31 0.610202, 0.048288, 0.736433, -0.291240, -1.286641, -1.715260
2024-04-04 16:39:31 0.610202, 0.048288, 0.736433, -0.291240, -1.286641, -1.715260
2024-04-04 16:39:31 0.610202, 0.048288, 0.736433, -0.291240, -1.286641, -1.715260
2024-04-04 16:39:31 0.610202, 0.048288, 0.736433, -0.291240, -1.286641, -1.715260
2024-04-04 16:39:31 0.610202, 0.048288, 0.736433, -0.291240, -1.286641, -1.715260
2024-04-04 16:39:31 0.610202, 0.048288, 0.736433, -0.291240, -1.286641, -1.715260
2024-04-04 16:39:31 0.610202, 0.048288, 0.736433, -0.291240, -1.286641, -1.715260
2024-04-04 16:39:31 0.610202, 0.048288, 0.736433, -0.291240, -1.286641, -1.715260
2024-04-04 16:39:31 0.610202, 0.048288, 0.736433, -0.291240, -1.286641, -1.715260
2024-04-04 16:39:31 0.610202, 0.048288, 0.736433, -0.291240, -1.286641, -1.715260
2024-04-04 16:39:31 0.610202, 0.048288, 0.736433, -0.291240, -1.286641, -1.715260
2024-04-04 16:39:31 0.610202, 0.048288, 0.736433, -0.291240, -1.286641, -1.715260
2024-04-04 16:39:31 0.610202, 0.048288, 0.736433, -0.291240, -1.286641, -1.715260
2024-04-04 16:39:31 0.610202, 0.048288, 0.736433, -0.291240, -1.286641, -1.715260
2024-04-04 16:39:31 0.610202, 0.048288, 0.736433, -0.291240, -1.286641, -1.715260
2024-04-04 16:39:31 0.610202, 0.048288, 0.736433, -0.291240, -1.286641, -1.715260
2024-04-04 16:39:31 0.610202, 0.048288, 0.736433, -0.291240, -1.286641, -1.715260
2024-04-04 16:39:32 0.610202, 0.048288, 0.736433, -0.291240, -1.286641, -1.715260
2024-04-04 16:39:32 0.610202, 0.048288, 0.736433, -0.291240, -1.286641, -1.715260
2024-04-04 16:39:32 0.610202, 0.048288, 0.736433, -0.291240, -1.286641, -1.715260
2024-04-04 16:39:32 0.610202, 0.048288, 0.736433, -0.291240, -1.286641, -1.715260
2024-04-04 16:39:32 0.610202, 0.048288, 0.736433, -0.291240, -1.286641, -1.715260
2024-04-04 16:39:32 0.610202, 0.048288, 0.736433, -0.291240, -1.286641, -1.715260
2024-04-04 16:39:32 0.610202, 0.048288, 0.736433, -0.291240, -1.286641, -1.715260
2024-04-04 16:39:32 0.610202, 0.048288, 0.736433, -0.291240, -1.286641, -1.715260
2024-04-04 16:39:32 0.610202, 0.048288, 0.736433, -0.291240, -1.286641, -1.715260
2024-04-04 16:39:32 0.610202, 0.048288, 0.736433, -0.291240, -1.286641, -1.715260
2024-04-04 16:39:32 0.610202, 0.048288, 0.736433, -0.291240, -1.286641, -1.715260
2024-04-04 16:39:32 0.610202, 0.048288, 0.736433, -0.291240, -1.286641, -1.715260
2024-04-04 16:39:32 0.610202, 0.048288, 0.736433, -0.291240, -1.286641, -1.715260
2024-04-04 16:39:32 0.610202, 0.048288, 0.736433, -0.291240, -1.286641, -1.715260
2024-04-04 16:39:32 0.610202, 0.048288, 0.736433, -0.291240, -1.286641, -1.715260
2024-04-04 16:39:32 0.610202, 0.048288, 0.736433, -0.291240, -1.286641, -1.715260
2024-04-04 16:39:32 0.610202, 0.048288, 0.736433, -0.291240, -1.286641, -1.715260
2024-04-04 16:39:32 0.610202, 0.048288, 0.736433, -0.291240, -1.286641, -1.715260
2024-04-04 16:39:32 0.610202, 0.048288, 0.736433, -0.291240, -1.286641, -1.715260
2024-04-04 16:39:32 0.610202, 0.048288, 0.736433, -0.291240, -1.286641, -1.715260
2024-04-04 16:39:32 0.610202, 0.048288, 0.736433, -0.291240, -1.286641, -1.715260
2024-04-04 16:39:32 0.610202, 0.048288, 0.736433, -0.291240, -1.286641, -1.715260
2024-04-04 16:39:32 0.610202, 0.048288, 0.736433, -0.291240, -1.286641, -1.715260
2024-04-04 16:39:32 0.610202, 0.048288, 0.736433, -0.291240, -1.286641, -1.715260
2024-04-04 16:39:32 0.610202, 0.048288, 0.736433, -0.291240, -1.286641, -1.715260
2024-04-04 16:39:32 0.610202, 0.048288, 0.736433, -0.291240, -1.286641, -1.715260
2024-04-04 16:39:32 0.610202, 0.048288, 0.736433, -0.291240, -1.286641, -1.715260
2024-04-04 16:39:32 0.610202, 0.048288, 0.736433, -0.291240, -1.286641, -1.715260
2024-04-04 16:39:32 0.610202, 0.048288, 0.736433, -0.291240, -1.286641, -1.715260
2024-04-04 16:39:32 0.610202, 0.048288, 0.736433, -0.291240, -1.286641, -1.715260
2024-04-04 16:39:32 0.610202, 0.048288, 0.736433, -0.291240, -1.286641, -1.715260
2024-04-04 16:39:32 0.610202, 0.048288, 0.736433, -0.291240, -1.286641, -1.715260
2024-04-04 16:39:32 0.610202, 0.048288, 0.736433, -0.291240, -1.286641, -1.715260
2024-04-04 16:39:32 0.610202, 0.048288, 0.736433, -0.291240, -1.286641, -1.715260
2024-04-04 16:39:32 0.610202, 0.048288, 0.736433, -0.291240, -1.286641, -1.715260
2024-04-04 16:39:32 0.610202, 0.048288, 0.736433, -0.291240, -1.286641, -1.715260
2024-04-04 16:39:32 0.609966, 0.048331, 0.736492, -0.290442, -1.286482, -1.714805
2024-04-04 16:39:32 0.609966, 0.048331, 0.736492, -0.290442, -1.286482, -1.714805
2024-04-04 16:39:32 0.609966, 0.048331, 0.736492, -0.290442, -1.286482, -1.714805
2024-04-04 16:39:32 0.609966, 0.048331, 0.736492, -0.290442, -1.286482, -1.714805
2024-04-04 16:39:32 0.609966, 0.048331, 0.736492, -0.290442, -1.286482, -1.714805
2024-04-04 16:39:32 0.609966, 0.048331, 0.736492, -0.290442, -1.286482, -1.714805
2024-04-04 16:39:32 0.609966, 0.048331, 0.736492, -0.290442, -1.286482, -1.714805
2024-04-04 16:39:32 0.609966, 0.048331, 0.736492, -0.290442, -1.286482, -1.714805
2024-04-04 16:39:32 0.609966, 0.048331, 0.736492, -0.290442, -1.286482, -1.714805
2024-04-04 16:39:32 0.609966, 0.048331, 0.736492, -0.290442, -1.286482, -1.714805
2024-04-04 16:39:32 0.609966, 0.048331, 0.736492, -0.290442, -1.286482, -1.714805
2024-04-04 16:39:32 0.609966, 0.048331, 0.736492, -0.290442, -1.286482, -1.714805
2024-04-04 16:39:32 0.609966, 0.048331, 0.736492, -0.290442, -1.286482, -1.714805
2024-04-04 16:39:32 0.609966, 0.048331, 0.736492, -0.290442, -1.286482, -1.714805
2024-04-04 16:39:32 0.609966, 0.048331, 0.736492, -0.290442, -1.286482, -1.714805
2024-04-04 16:39:32 0.609966, 0.048331, 0.736492, -0.290442, -1.286482, -1.714805
2024-04-04 16:39:32 0.609966, 0.048331, 0.736492, -0.290442, -1.286482, -1.714805
2024-04-04 16:39:32 0.609966, 0.048331, 0.736492, -0.290442, -1.286482, -1.714805
2024-04-04 16:39:32 0.609966, 0.048331, 0.736492, -0.290442, -1.286482, -1.714805
2024-04-04 16:39:32 0.609966, 0.048331, 0.736492, -0.290442, -1.286482, -1.714805
2024-04-04 16:39:32 0.609966, 0.048331, 0.736492, -0.290442, -1.286482, -1.714805
2024-04-04 16:39:32 0.609966, 0.048331, 0.736492, -0.290442, -1.286482, -1.714805
2024-04-04 16:39:32 0.609966, 0.048331, 0.736492, -0.290442, -1.286482, -1.714805
2024-04-04 16:39:32 0.609966, 0.048331, 0.736492, -0.290442, -1.286482, -1.714805
2024-04-04 16:39:32 0.609966, 0.048331, 0.736492, -0.290442, -1.286482, -1.714805
2024-04-04 16:39:32 0.609966, 0.048331, 0.736492, -0.290442, -1.286482, -1.714805
2024-04-04 16:39:32 0.609966, 0.048331, 0.736492, -0.290442, -1.286482, -1.714805
2024-04-04 16:39:32 0.609966, 0.048331, 0.736492, -0.290442, -1.286482, -1.714805
2024-04-04 16:39:33 0.609966, 0.048331, 0.736492, -0.290442, -1.286482, -1.714805
2024-04-04 16:39:33 0.609966, 0.048331, 0.736492, -0.290442, -1.286482, -1.714805
2024-04-04 16:39:33 0.609966, 0.048331, 0.736492, -0.290442, -1.286482, -1.714805
2024-04-04 16:39:33 0.609966, 0.048331, 0.736492, -0.290442, -1.286482, -1.714805
2024-04-04 16:39:33 0.609966, 0.048331, 0.736492, -0.290442, -1.286482, -1.714805
2024-04-04 16:39:33 0.609966, 0.048331, 0.736492, -0.290442, -1.286482, -1.714805
2024-04-04 16:39:33 0.609966, 0.048331, 0.736492, -0.290442, -1.286482, -1.714805
2024-04-04 16:39:33 0.609966, 0.048331, 0.736492, -0.290442, -1.286482, -1.714805
2024-04-04 16:39:33 0.609966, 0.048331, 0.736492, -0.290442, -1.286482, -1.714805
2024-04-04 16:39:33 0.609966, 0.048331, 0.736492, -0.290442, -1.286482, -1.714805
2024-04-04 16:39:33 0.609966, 0.048331, 0.736492, -0.290442, -1.286482, -1.714805
2024-04-04 16:39:33 0.609966, 0.048331, 0.736492, -0.290442, -1.286482, -1.714805
2024-04-04 16:39:33 0.609966, 0.048331, 0.736492, -0.290442, -1.286482, -1.714805
2024-04-04 16:39:33 0.609966, 0.048331, 0.736492, -0.290442, -1.286482, -1.714805
2024-04-04 16:39:33 0.609966, 0.048331, 0.736492, -0.290442, -1.286482, -1.714805
2024-04-04 16:39:33 0.609966, 0.048331, 0.736492, -0.290442, -1.286482, -1.714805
2024-04-04 16:39:33 0.609966, 0.048331, 0.736492, -0.290442, -1.286482, -1.714805
2024-04-04 16:39:33 0.609966, 0.048331, 0.736492, -0.290442, -1.286482, -1.714805
2024-04-04 16:39:33 0.609966, 0.048331, 0.736492, -0.290442, -1.286482, -1.714805
2024-04-04 16:39:33 0.609966, 0.048331, 0.736492, -0.290442, -1.286482, -1.714805
2024-04-04 16:39:33 0.609966, 0.048331, 0.736492, -0.290442, -1.286482, -1.714805
2024-04-04 16:39:33 0.609966, 0.048331, 0.736492, -0.290442, -1.286482, -1.714805
2024-04-04 16:39:33 0.609966, 0.048331, 0.736492, -0.290442, -1.286482, -1.714805
2024-04-04 16:39:33 0.609966, 0.048331, 0.736492, -0.290442, -1.286482, -1.714805
2024-04-04 16:39:33 0.609966, 0.048331, 0.736492, -0.290442, -1.286482, -1.714805
2024-04-04 16:39:33 0.609966, 0.048331, 0.736492, -0.290442, -1.286482, -1.714805
2024-04-04 16:39:33 0.609966, 0.048331, 0.736492, -0.290442, -1.286482, -1.714805
2024-04-04 16:39:33 0.609966, 0.048331, 0.736492, -0.290442, -1.286482, -1.714805
2024-04-04 16:39:33 0.609966, 0.048331, 0.736492, -0.290442, -1.286482, -1.714805
2024-04-04 16:39:33 0.609966, 0.048331, 0.736492, -0.290442, -1.286482, -1.714805
2024-04-04 16:39:33 0.609966, 0.048331, 0.736492, -0.290442, -1.286482, -1.714805
2024-04-04 16:39:33 0.609966, 0.048331, 0.736492, -0.290442, -1.286482, -1.714805
2024-04-04 16:39:33 0.609966, 0.048331, 0.736492, -0.290442, -1.286482, -1.714805
2024-04-04 16:39:33 0.609966, 0.048331, 0.736492, -0.290442, -1.286482, -1.714805
2024-04-04 16:39:33 0.609966, 0.048331, 0.736492, -0.290442, -1.286482, -1.714805
2024-04-04 16:39:33 0.609966, 0.048331, 0.736492, -0.290442, -1.286482, -1.714805
2024-04-04 16:39:33 0.609966, 0.048331, 0.736492, -0.290442, -1.286482, -1.714805
2024-04-04 16:39:33 0.609966, 0.048331, 0.736492, -0.290442, -1.286482, -1.714805
2024-04-04 16:39:33 0.609966, 0.048331, 0.736492, -0.290442, -1.286482, -1.714805
2024-04-04 16:39:33 0.609966, 0.048331, 0.736492, -0.290442, -1.286482, -1.714805
2024-04-04 16:39:33 0.610420, 0.048544, 0.736193, -0.289482, -1.285697, -1.714282
2024-04-04 16:39:33 0.610420, 0.048544, 0.736193, -0.289482, -1.285697, -1.714282
2024-04-04 16:39:33 0.610420, 0.048544, 0.736193, -0.289482, -1.285697, -1.714282
2024-04-04 16:39:33 0.610420, 0.048544, 0.736193, -0.289482, -1.285697, -1.714282
2024-04-04 16:39:33 0.610420, 0.048544, 0.736193, -0.289482, -1.285697, -1.714282
2024-04-04 16:39:33 0.610420, 0.048544, 0.736193, -0.289482, -1.285697, -1.714282
2024-04-04 16:39:33 0.610420, 0.048544, 0.736193, -0.289482, -1.285697, -1.714282
2024-04-04 16:39:33 0.610420, 0.048544, 0.736193, -0.289482, -1.285697, -1.714282
2024-04-04 16:39:33 0.610420, 0.048544, 0.736193, -0.289482, -1.285697, -1.714282
2024-04-04 16:39:33 0.610420, 0.048544, 0.736193, -0.289482, -1.285697, -1.714282
2024-04-04 16:39:33 0.610420, 0.048544, 0.736193, -0.289482, -1.285697, -1.714282
2024-04-04 16:39:33 0.610420, 0.048544, 0.736193, -0.289482, -1.285697, -1.714282
2024-04-04 16:39:33 0.610420, 0.048544, 0.736193, -0.289482, -1.285697, -1.714282
2024-04-04 16:39:33 0.610420, 0.048544, 0.736193, -0.289482, -1.285697, -1.714282
2024-04-04 16:39:33 0.610420, 0.048544, 0.736193, -0.289482, -1.285697, -1.714282
2024-04-04 16:39:33 0.610420, 0.048544, 0.736193, -0.289482, -1.285697, -1.714282
2024-04-04 16:39:33 0.610420, 0.048544, 0.736193, -0.289482, -1.285697, -1.714282
2024-04-04 16:39:33 0.610420, 0.048544, 0.736193, -0.289482, -1.285697, -1.714282
2024-04-04 16:39:33 0.610420, 0.048544, 0.736193, -0.289482, -1.285697, -1.714282
2024-04-04 16:39:33 0.610420, 0.048544, 0.736193, -0.289482, -1.285697, -1.714282
2024-04-04 16:39:33 0.610420, 0.048544, 0.736193, -0.289482, -1.285697, -1.714282
2024-04-04 16:39:33 0.610420, 0.048544, 0.736193, -0.289482, -1.285697, -1.714282
2024-04-04 16:39:33 0.610420, 0.048544, 0.736193, -0.289482, -1.285697, -1.714282
2024-04-04 16:39:33 0.610420, 0.048544, 0.736193, -0.289482, -1.285697, -1.714282
2024-04-04 16:39:34 0.610420, 0.048544, 0.736193, -0.289482, -1.285697, -1.714282
2024-04-04 16:39:34 0.610420, 0.048544, 0.736193, -0.289482, -1.285697, -1.714282
2024-04-04 16:39:34 0.610420, 0.048544, 0.736193, -0.289482, -1.285697, -1.714282
2024-04-04 16:39:34 0.610420, 0.048544, 0.736193, -0.289482, -1.285697, -1.714282
2024-04-04 16:39:34 0.610420, 0.048544, 0.736193, -0.289482, -1.285697, -1.714282
2024-04-04 16:39:34 0.610420, 0.048544, 0.736193, -0.289482, -1.285697, -1.714282
2024-04-04 16:39:34 0.610420, 0.048544, 0.736193, -0.289482, -1.285697, -1.714282
2024-04-04 16:39:34 0.610420, 0.048544, 0.736193, -0.289482, -1.285697, -1.714282
2024-04-04 16:39:34 0.610420, 0.048544, 0.736193, -0.289482, -1.285697, -1.714282
2024-04-04 16:39:34 0.610420, 0.048544, 0.736193, -0.289482, -1.285697, -1.714282
2024-04-04 16:39:34 0.610420, 0.048544, 0.736193, -0.289482, -1.285697, -1.714282
2024-04-04 16:39:34 0.610420, 0.048544, 0.736193, -0.289482, -1.285697, -1.714282
2024-04-04 16:39:34 0.610420, 0.048544, 0.736193, -0.289482, -1.285697, -1.714282
2024-04-04 16:39:34 0.610420, 0.048544, 0.736193, -0.289482, -1.285697, -1.714282
2024-04-04 16:39:34 0.610420, 0.048544, 0.736193, -0.289482, -1.285697, -1.714282
2024-04-04 16:39:34 0.610420, 0.048544, 0.736193, -0.289482, -1.285697, -1.714282
2024-04-04 16:39:34 0.610420, 0.048544, 0.736193, -0.289482, -1.285697, -1.714282
2024-04-04 16:39:34 0.610420, 0.048544, 0.736193, -0.289482, -1.285697, -1.714282
2024-04-04 16:39:34 0.610420, 0.048544, 0.736193, -0.289482, -1.285697, -1.714282
2024-04-04 16:39:34 0.610420, 0.048544, 0.736193, -0.289482, -1.285697, -1.714282
2024-04-04 16:39:34 0.610420, 0.048544, 0.736193, -0.289482, -1.285697, -1.714282
2024-04-04 16:39:34 0.610420, 0.048544, 0.736193, -0.289482, -1.285697, -1.714282
2024-04-04 16:39:34 0.610420, 0.048544, 0.736193, -0.289482, -1.285697, -1.714282
2024-04-04 16:39:34 0.610420, 0.048544, 0.736193, -0.289482, -1.285697, -1.714282
2024-04-04 16:39:34 0.610420, 0.048544, 0.736193, -0.289482, -1.285697, -1.714282
2024-04-04 16:39:34 0.610420, 0.048544, 0.736193, -0.289482, -1.285697, -1.714282
2024-04-04 16:39:34 0.610420, 0.048544, 0.736193, -0.289482, -1.285697, -1.714282
2024-04-04 16:39:34 0.610420, 0.048544, 0.736193, -0.289482, -1.285697, -1.714282
2024-04-04 16:39:34 0.610420, 0.048544, 0.736193, -0.289482, -1.285697, -1.714282
2024-04-04 16:39:34 0.610420, 0.048544, 0.736193, -0.289482, -1.285697, -1.714282
2024-04-04 16:39:34 0.610420, 0.048544, 0.736193, -0.289482, -1.285697, -1.714282
2024-04-04 16:39:34 0.610420, 0.048544, 0.736193, -0.289482, -1.285697, -1.714282
2024-04-04 16:39:34 0.610420, 0.048544, 0.736193, -0.289482, -1.285697, -1.714282
2024-04-04 16:39:34 0.610420, 0.048544, 0.736193, -0.289482, -1.285697, -1.714282
2024-04-04 16:39:34 0.610420, 0.048544, 0.736193, -0.289482, -1.285697, -1.714282
2024-04-04 16:39:34 0.610420, 0.048544, 0.736193, -0.289482, -1.285697, -1.714282
2024-04-04 16:39:34 0.610420, 0.048544, 0.736193, -0.289482, -1.285697, -1.714282
2024-04-04 16:39:34 0.610420, 0.048544, 0.736193, -0.289482, -1.285697, -1.714282
2024-04-04 16:39:34 0.610420, 0.048544, 0.736193, -0.289482, -1.285697, -1.714282
2024-04-04 16:39:34 0.610420, 0.048544, 0.736193, -0.289482, -1.285697, -1.714282
2024-04-04 16:39:34 0.610420, 0.048544, 0.736193, -0.289482, -1.285697, -1.714282
2024-04-04 16:39:34 0.610420, 0.048544, 0.736193, -0.289482, -1.285697, -1.714282
2024-04-04 16:39:34 0.610420, 0.048544, 0.736193, -0.289482, -1.285697, -1.714282
2024-04-04 16:39:34 0.610125, 0.048201, 0.736365, -0.290935, -1.286051, -1.715146
2024-04-04 16:39:34 0.610125, 0.048201, 0.736365, -0.290935, -1.286051, -1.715146
2024-04-04 16:39:34 0.610125, 0.048201, 0.736365, -0.290935, -1.286051, -1.715146
2024-04-04 16:39:34 0.610125, 0.048201, 0.736365, -0.290935, -1.286051, -1.715146
2024-04-04 16:39:34 0.610125, 0.048201, 0.736365, -0.290935, -1.286051, -1.715146
2024-04-04 16:39:34 0.610125, 0.048201, 0.736365, -0.290935, -1.286051, -1.715146
2024-04-04 16:39:34 0.610125, 0.048201, 0.736365, -0.290935, -1.286051, -1.715146
2024-04-04 16:39:34 0.610125, 0.048201, 0.736365, -0.290935, -1.286051, -1.715146
2024-04-04 16:39:34 0.610125, 0.048201, 0.736365, -0.290935, -1.286051, -1.715146
2024-04-04 16:39:34 0.610125, 0.048201, 0.736365, -0.290935, -1.286051, -1.715146
2024-04-04 16:39:34 0.610125, 0.048201, 0.736365, -0.290935, -1.286051, -1.715146
2024-04-04 16:39:34 0.610125, 0.048201, 0.736365, -0.290935, -1.286051, -1.715146
2024-04-04 16:39:34 0.610125, 0.048201, 0.736365, -0.290935, -1.286051, -1.715146
2024-04-04 16:39:34 0.610125, 0.048201, 0.736365, -0.290935, -1.286051, -1.715146
2024-04-04 16:39:34 0.610125, 0.048201, 0.736365, -0.290935, -1.286051, -1.715146
2024-04-04 16:39:34 0.610125, 0.048201, 0.736365, -0.290935, -1.286051, -1.715146
2024-04-04 16:39:34 0.610125, 0.048201, 0.736365, -0.290935, -1.286051, -1.715146
2024-04-04 16:39:34 0.610125, 0.048201, 0.736365, -0.290935, -1.286051, -1.715146
2024-04-04 16:39:34 0.610125, 0.048201, 0.736365, -0.290935, -1.286051, -1.715146
2024-04-04 16:39:34 0.610125, 0.048201, 0.736365, -0.290935, -1.286051, -1.715146
2024-04-04 16:39:34 0.610125, 0.048201, 0.736365, -0.290935, -1.286051, -1.715146
2024-04-04 16:39:35 0.610125, 0.048201, 0.736365, -0.290935, -1.286051, -1.715146
2024-04-04 16:39:35 0.610125, 0.048201, 0.736365, -0.290935, -1.286051, -1.715146
2024-04-04 16:39:35 0.610125, 0.048201, 0.736365, -0.290935, -1.286051, -1.715146
2024-04-04 16:39:35 0.610125, 0.048201, 0.736365, -0.290935, -1.286051, -1.715146
2024-04-04 16:39:35 0.610125, 0.048201, 0.736365, -0.290935, -1.286051, -1.715146
2024-04-04 16:39:35 0.610125, 0.048201, 0.736365, -0.290935, -1.286051, -1.715146
2024-04-04 16:39:35 0.610125, 0.048201, 0.736365, -0.290935, -1.286051, -1.715146
2024-04-04 16:39:35 0.610125, 0.048201, 0.736365, -0.290935, -1.286051, -1.715146
2024-04-04 16:39:35 0.610125, 0.048201, 0.736365, -0.290935, -1.286051, -1.715146
2024-04-04 16:39:35 0.610125, 0.048201, 0.736365, -0.290935, -1.286051, -1.715146
2024-04-04 16:39:35 0.610125, 0.048201, 0.736365, -0.290935, -1.286051, -1.715146
2024-04-04 16:39:35 0.610125, 0.048201, 0.736365, -0.290935, -1.286051, -1.715146
2024-04-04 16:39:35 0.610125, 0.048201, 0.736365, -0.290935, -1.286051, -1.715146
2024-04-04 16:39:35 0.610125, 0.048201, 0.736365, -0.290935, -1.286051, -1.715146
