2024-04-05 13:46:41 0.000000, 0.000000, 0.000000, 0.000000, 0.000000, 0.000000
2024-04-05 13:46:41 0.000000, 0.000000, 0.000000, 0.000000, 0.000000, 0.000000
2024-04-05 13:46:41 0.000000, 0.000000, 0.000000, 0.000000, 0.000000, 0.000000
2024-04-05 13:46:41 0.000000, 0.000000, 0.000000, 0.000000, 0.000000, 0.000000
2024-04-05 13:46:41 0.000000, 0.000000, 0.000000, 0.000000, 0.000000, 0.000000
2024-04-05 13:46:41 0.000000, 0.000000, 0.000000, 0.000000, 0.000000, 0.000000
2024-04-05 13:46:41 0.000000, 0.000000, 0.000000, 0.000000, 0.000000, 0.000000
2024-04-05 13:46:41 0.000000, 0.000000, 0.000000, 0.000000, 0.000000, 0.000000
2024-04-05 13:46:41 0.000000, 0.000000, 0.000000, 0.000000, 0.000000, 0.000000
2024-04-05 13:46:41 0.000000, 0.000000, 0.000000, 0.000000, 0.000000, 0.000000
2024-04-05 13:46:41 0.000000, 0.000000, 0.000000, 0.000000, 0.000000, 0.000000
2024-04-05 13:46:41 0.000000, 0.000000, 0.000000, 0.000000, 0.000000, 0.000000
2024-04-05 13:46:41 0.000000, 0.000000, 0.000000, 0.000000, 0.000000, 0.000000
2024-04-05 13:46:41 0.000000, 0.000000, 0.000000, 0.000000, 0.000000, 0.000000
2024-04-05 13:46:41 0.000000, 0.000000, 0.000000, 0.000000, 0.000000, 0.000000
2024-04-05 13:46:41 0.000000, 0.000000, 0.000000, 0.000000, 0.000000, 0.000000
2024-04-05 13:46:41 0.000000, 0.000000, 0.000000, 0.000000, 0.000000, 0.000000
2024-04-05 13:46:41 0.000000, 0.000000, 0.000000, 0.000000, 0.000000, 0.000000
2024-04-05 13:46:41 0.703466, -0.317618, 0.732529, -0.942424, -1.171527, -2.754643
2024-04-05 13:46:41 0.703466, -0.317618, 0.732529, -0.942424, -1.171527, -2.754643
2024-04-05 13:46:41 0.703466, -0.317618, 0.732529, -0.942424, -1.171527, -2.754643
2024-04-05 13:46:41 0.703466, -0.317618, 0.732529, -0.942424, -1.171527, -2.754643
2024-04-05 13:46:42 0.703466, -0.317618, 0.732529, -0.942424, -1.171527, -2.754643
2024-04-05 13:46:42 0.703466, -0.317618, 0.732529, -0.942424, -1.171527, -2.754643
2024-04-05 13:46:42 0.703466, -0.317618, 0.732529, -0.942424, -1.171527, -2.754643
2024-04-05 13:46:42 0.703466, -0.317618, 0.732529, -0.942424, -1.171527, -2.754643
2024-04-05 13:46:42 0.703466, -0.317618, 0.732529, -0.942424, -1.171527, -2.754643
2024-04-05 13:46:42 0.703466, -0.317618, 0.732529, -0.942424, -1.171527, -2.754643
2024-04-05 13:46:42 0.703466, -0.317618, 0.732529, -0.942424, -1.171527, -2.754643
2024-04-05 13:46:42 0.703466, -0.317618, 0.732529, -0.942424, -1.171527, -2.754643
2024-04-05 13:46:42 0.703466, -0.317618, 0.732529, -0.942424, -1.171527, -2.754643
2024-04-05 13:46:42 0.703466, -0.317618, 0.732529, -0.942424, -1.171527, -2.754643
2024-04-05 13:46:42 0.703466, -0.317618, 0.732529, -0.942424, -1.171527, -2.754643
2024-04-05 13:46:42 0.703466, -0.317618, 0.732529, -0.942424, -1.171527, -2.754643
2024-04-05 13:46:42 0.703466, -0.317618, 0.732529, -0.942424, -1.171527, -2.754643
2024-04-05 13:46:42 0.703466, -0.317618, 0.732529, -0.942424, -1.171527, -2.754643
2024-04-05 13:46:42 0.703466, -0.317618, 0.732529, -0.942424, -1.171527, -2.754643
2024-04-05 13:46:42 0.703466, -0.317618, 0.732529, -0.942424, -1.171527, -2.754643
2024-04-05 13:46:42 0.703466, -0.317618, 0.732529, -0.942424, -1.171527, -2.754643
2024-04-05 13:46:42 0.703466, -0.317618, 0.732529, -0.942424, -1.171527, -2.754643
2024-04-05 13:46:42 0.703466, -0.317618, 0.732529, -0.942424, -1.171527, -2.754643
2024-04-05 13:46:42 0.703466, -0.317618, 0.732529, -0.942424, -1.171527, -2.754643
2024-04-05 13:46:42 0.703466, -0.317618, 0.732529, -0.942424, -1.171527, -2.754643
2024-04-05 13:46:42 0.703466, -0.317618, 0.732529, -0.942424, -1.171527, -2.754643
2024-04-05 13:46:42 0.703466, -0.317618, 0.732529, -0.942424, -1.171527, -2.754643
2024-04-05 13:46:42 0.703466, -0.317618, 0.732529, -0.942424, -1.171527, -2.754643
2024-04-05 13:46:42 0.703466, -0.317618, 0.732529, -0.942424, -1.171527, -2.754643
2024-04-05 13:46:42 0.703466, -0.317618, 0.732529, -0.942424, -1.171527, -2.754643
2024-04-05 13:46:42 0.703466, -0.317618, 0.732529, -0.942424, -1.171527, -2.754643
2024-04-05 13:46:42 0.703466, -0.317618, 0.732529, -0.942424, -1.171527, -2.754643
2024-04-05 13:46:42 0.703466, -0.317618, 0.732529, -0.942424, -1.171527, -2.754643
2024-04-05 13:46:42 0.703466, -0.317618, 0.732529, -0.942424, -1.171527, -2.754643
2024-04-05 13:46:42 0.703466, -0.317618, 0.732529, -0.942424, -1.171527, -2.754643
2024-04-05 13:46:42 0.703466, -0.317618, 0.732529, -0.942424, -1.171527, -2.754643
2024-04-05 13:46:42 0.703466, -0.317618, 0.732529, -0.942424, -1.171527, -2.754643
2024-04-05 13:46:42 0.703466, -0.317618, 0.732529, -0.942424, -1.171527, -2.754643
2024-04-05 13:46:42 0.703466, -0.317618, 0.732529, -0.942424, -1.171527, -2.754643
2024-04-05 13:46:42 0.703466, -0.317618, 0.732529, -0.942424, -1.171527, -2.754643
2024-04-05 13:46:42 0.703466, -0.317618, 0.732529, -0.942424, -1.171527, -2.754643
2024-04-05 13:46:42 0.703466, -0.317618, 0.732529, -0.942424, -1.171527, -2.754643
2024-04-05 13:46:42 0.703466, -0.317618, 0.732529, -0.942424, -1.171527, -2.754643
2024-04-05 13:46:42 0.703466, -0.317618, 0.732529, -0.942424, -1.171527, -2.754643
2024-04-05 13:46:42 0.703466, -0.317618, 0.732529, -0.942424, -1.171527, -2.754643
2024-04-05 13:46:42 0.703466, -0.317618, 0.732529, -0.942424, -1.171527, -2.754643
2024-04-05 13:46:42 0.703466, -0.317618, 0.732529, -0.942424, -1.171527, -2.754643
2024-04-05 13:46:42 0.703466, -0.317618, 0.732529, -0.942424, -1.171527, -2.754643
2024-04-05 13:46:42 0.703466, -0.317618, 0.732529, -0.942424, -1.171527, -2.754643
2024-04-05 13:46:42 0.703466, -0.317618, 0.732529, -0.942424, -1.171527, -2.754643
2024-04-05 13:46:42 0.703466, -0.317618, 0.732529, -0.942424, -1.171527, -2.754643
2024-04-05 13:46:42 0.703466, -0.317618, 0.732529, -0.942424, -1.171527, -2.754643
2024-04-05 13:46:42 0.703466, -0.317618, 0.732529, -0.942424, -1.171527, -2.754643
2024-04-05 13:46:42 0.703466, -0.317618, 0.732529, -0.942424, -1.171527, -2.754643
2024-04-05 13:46:42 0.703466, -0.317618, 0.732529, -0.942424, -1.171527, -2.754643
2024-04-05 13:46:42 0.703466, -0.317618, 0.732529, -0.942424, -1.171527, -2.754643
2024-04-05 13:46:42 0.703466, -0.317618, 0.732529, -0.942424, -1.171527, -2.754643
2024-04-05 13:46:42 0.703466, -0.317618, 0.732529, -0.942424, -1.171527, -2.754643
2024-04-05 13:46:42 0.703466, -0.317618, 0.732529, -0.942424, -1.171527, -2.754643
2024-04-05 13:46:42 0.703466, -0.317618, 0.732529, -0.942424, -1.171527, -2.754643
2024-04-05 13:46:42 0.703466, -0.317618, 0.732529, -0.942424, -1.171527, -2.754643
2024-04-05 13:46:42 0.703466, -0.317618, 0.732529, -0.942424, -1.171527, -2.754643
2024-04-05 13:46:42 0.703466, -0.317618, 0.732529, -0.942424, -1.171527, -2.754643
2024-04-05 13:46:42 0.703466, -0.317618, 0.732529, -0.942424, -1.171527, -2.754643
2024-04-05 13:46:42 0.703466, -0.317618, 0.732529, -0.942424, -1.171527, -2.754643
2024-04-05 13:46:42 0.703466, -0.317618, 0.732529, -0.942424, -1.171527, -2.754643
2024-04-05 13:46:42 0.702664, -0.318098, 0.732665, -0.942527, -1.171602, -2.755029
2024-04-05 13:46:42 0.702664, -0.318098, 0.732665, -0.942527, -1.171602, -2.755029
2024-04-05 13:46:43 0.702664, -0.318098, 0.732665, -0.942527, -1.171602, -2.755029
2024-04-05 13:46:43 0.702664, -0.318098, 0.732665, -0.942527, -1.171602, -2.755029
2024-04-05 13:46:43 0.702664, -0.318098, 0.732665, -0.942527, -1.171602, -2.755029
2024-04-05 13:46:43 0.702664, -0.318098, 0.732665, -0.942527, -1.171602, -2.755029
2024-04-05 13:46:43 0.702664, -0.318098, 0.732665, -0.942527, -1.171602, -2.755029
2024-04-05 13:46:43 0.702664, -0.318098, 0.732665, -0.942527, -1.171602, -2.755029
2024-04-05 13:46:43 0.702664, -0.318098, 0.732665, -0.942527, -1.171602, -2.755029
2024-04-05 13:46:43 0.702664, -0.318098, 0.732665, -0.942527, -1.171602, -2.755029
2024-04-05 13:46:43 0.702664, -0.318098, 0.732665, -0.942527, -1.171602, -2.755029
2024-04-05 13:46:43 0.702664, -0.318098, 0.732665, -0.942527, -1.171602, -2.755029
2024-04-05 13:46:43 0.702664, -0.318098, 0.732665, -0.942527, -1.171602, -2.755029
2024-04-05 13:46:43 0.702664, -0.318098, 0.732665, -0.942527, -1.171602, -2.755029
2024-04-05 13:46:43 0.702664, -0.318098, 0.732665, -0.942527, -1.171602, -2.755029
2024-04-05 13:46:43 0.702664, -0.318098, 0.732665, -0.942527, -1.171602, -2.755029
2024-04-05 13:46:43 0.702664, -0.318098, 0.732665, -0.942527, -1.171602, -2.755029
2024-04-05 13:46:43 0.702664, -0.318098, 0.732665, -0.942527, -1.171602, -2.755029
2024-04-05 13:46:43 0.702664, -0.318098, 0.732665, -0.942527, -1.171602, -2.755029
2024-04-05 13:46:43 0.702664, -0.318098, 0.732665, -0.942527, -1.171602, -2.755029
2024-04-05 13:46:43 0.702664, -0.318098, 0.732665, -0.942527, -1.171602, -2.755029
2024-04-05 13:46:43 0.702664, -0.318098, 0.732665, -0.942527, -1.171602, -2.755029
2024-04-05 13:46:43 0.702664, -0.318098, 0.732665, -0.942527, -1.171602, -2.755029
2024-04-05 13:46:43 0.702664, -0.318098, 0.732665, -0.942527, -1.171602, -2.755029
2024-04-05 13:46:43 0.702664, -0.318098, 0.732665, -0.942527, -1.171602, -2.755029
2024-04-05 13:46:43 0.702664, -0.318098, 0.732665, -0.942527, -1.171602, -2.755029
2024-04-05 13:46:43 0.702664, -0.318098, 0.732665, -0.942527, -1.171602, -2.755029
2024-04-05 13:46:43 0.702664, -0.318098, 0.732665, -0.942527, -1.171602, -2.755029
2024-04-05 13:46:43 0.702664, -0.318098, 0.732665, -0.942527, -1.171602, -2.755029
2024-04-05 13:46:43 0.702664, -0.318098, 0.732665, -0.942527, -1.171602, -2.755029
2024-04-05 13:46:43 0.702664, -0.318098, 0.732665, -0.942527, -1.171602, -2.755029
2024-04-05 13:46:43 0.702664, -0.318098, 0.732665, -0.942527, -1.171602, -2.755029
2024-04-05 13:46:43 0.702664, -0.318098, 0.732665, -0.942527, -1.171602, -2.755029
2024-04-05 13:46:43 0.702664, -0.318098, 0.732665, -0.942527, -1.171602, -2.755029
2024-04-05 13:46:43 0.702664, -0.318098, 0.732665, -0.942527, -1.171602, -2.755029
2024-04-05 13:46:43 0.702664, -0.318098, 0.732665, -0.942527, -1.171602, -2.755029
2024-04-05 13:46:43 0.702664, -0.318098, 0.732665, -0.942527, -1.171602, -2.755029
2024-04-05 13:46:43 0.702664, -0.318098, 0.732665, -0.942527, -1.171602, -2.755029
2024-04-05 13:46:43 0.702664, -0.318098, 0.732665, -0.942527, -1.171602, -2.755029
2024-04-05 13:46:43 0.702664, -0.318098, 0.732665, -0.942527, -1.171602, -2.755029
2024-04-05 13:46:43 0.702664, -0.318098, 0.732665, -0.942527, -1.171602, -2.755029
2024-04-05 13:46:43 0.702664, -0.318098, 0.732665, -0.942527, -1.171602, -2.755029
2024-04-05 13:46:43 0.702664, -0.318098, 0.732665, -0.942527, -1.171602, -2.755029
2024-04-05 13:46:43 0.702664, -0.318098, 0.732665, -0.942527, -1.171602, -2.755029
2024-04-05 13:46:43 0.702664, -0.318098, 0.732665, -0.942527, -1.171602, -2.755029
2024-04-05 13:46:43 0.702664, -0.318098, 0.732665, -0.942527, -1.171602, -2.755029
2024-04-05 13:46:43 0.702664, -0.318098, 0.732665, -0.942527, -1.171602, -2.755029
2024-04-05 13:46:43 0.702664, -0.318098, 0.732665, -0.942527, -1.171602, -2.755029
2024-04-05 13:46:43 0.702664, -0.318098, 0.732665, -0.942527, -1.171602, -2.755029
2024-04-05 13:46:43 0.702664, -0.318098, 0.732665, -0.942527, -1.171602, -2.755029
2024-04-05 13:46:43 0.702664, -0.318098, 0.732665, -0.942527, -1.171602, -2.755029
2024-04-05 13:46:43 0.702664, -0.318098, 0.732665, -0.942527, -1.171602, -2.755029
2024-04-05 13:46:43 0.702664, -0.318098, 0.732665, -0.942527, -1.171602, -2.755029
2024-04-05 13:46:43 0.702664, -0.318098, 0.732665, -0.942527, -1.171602, -2.755029
2024-04-05 13:46:43 0.702664, -0.318098, 0.732665, -0.942527, -1.171602, -2.755029
2024-04-05 13:46:43 0.702664, -0.318098, 0.732665, -0.942527, -1.171602, -2.755029
2024-04-05 13:46:43 0.702664, -0.318098, 0.732665, -0.942527, -1.171602, -2.755029
2024-04-05 13:46:43 0.702664, -0.318098, 0.732665, -0.942527, -1.171602, -2.755029
2024-04-05 13:46:43 0.702664, -0.318098, 0.732665, -0.942527, -1.171602, -2.755029
2024-04-05 13:46:43 0.702664, -0.318098, 0.732665, -0.942527, -1.171602, -2.755029
2024-04-05 13:46:43 0.702664, -0.318098, 0.732665, -0.942527, -1.171602, -2.755029
2024-04-05 13:46:43 0.702664, -0.318098, 0.732665, -0.942527, -1.171602, -2.755029
2024-04-05 13:46:43 0.702664, -0.318098, 0.732665, -0.942527, -1.171602, -2.755029
2024-04-05 13:46:43 0.702664, -0.318098, 0.732665, -0.942527, -1.171602, -2.755029
2024-04-05 13:46:43 0.702664, -0.318098, 0.732665, -0.942527, -1.171602, -2.755029
2024-04-05 13:46:43 0.702664, -0.318098, 0.732665, -0.942527, -1.171602, -2.755029
2024-04-05 13:46:44 0.702664, -0.318098, 0.732665, -0.942527, -1.171602, -2.755029
2024-04-05 13:46:44 0.703401, -0.317623, 0.732900, -0.941838, -1.171517, -2.754270
2024-04-05 13:46:44 0.703401, -0.317623, 0.732900, -0.941838, -1.171517, -2.754270
2024-04-05 13:46:44 0.703401, -0.317623, 0.732900, -0.941838, -1.171517, -2.754270
2024-04-05 13:46:44 0.703401, -0.317623, 0.732900, -0.941838, -1.171517, -2.754270
2024-04-05 13:46:44 0.703401, -0.317623, 0.732900, -0.941838, -1.171517, -2.754270
2024-04-05 13:46:44 0.703401, -0.317623, 0.732900, -0.941838, -1.171517, -2.754270
2024-04-05 13:46:44 0.703401, -0.317623, 0.732900, -0.941838, -1.171517, -2.754270
2024-04-05 13:46:44 0.703401, -0.317623, 0.732900, -0.941838, -1.171517, -2.754270
2024-04-05 13:46:44 0.703401, -0.317623, 0.732900, -0.941838, -1.171517, -2.754270
2024-04-05 13:46:44 0.703401, -0.317623, 0.732900, -0.941838, -1.171517, -2.754270
2024-04-05 13:46:44 0.703401, -0.317623, 0.732900, -0.941838, -1.171517, -2.754270
2024-04-05 13:46:44 0.703401, -0.317623, 0.732900, -0.941838, -1.171517, -2.754270
2024-04-05 13:46:44 0.703401, -0.317623, 0.732900, -0.941838, -1.171517, -2.754270
2024-04-05 13:46:44 0.703401, -0.317623, 0.732900, -0.941838, -1.171517, -2.754270
2024-04-05 13:46:44 0.703401, -0.317623, 0.732900, -0.941838, -1.171517, -2.754270
2024-04-05 13:46:44 0.703401, -0.317623, 0.732900, -0.941838, -1.171517, -2.754270
2024-04-05 13:46:44 0.703401, -0.317623, 0.732900, -0.941838, -1.171517, -2.754270
2024-04-05 13:46:44 0.703401, -0.317623, 0.732900, -0.941838, -1.171517, -2.754270
2024-04-05 13:46:44 0.703401, -0.317623, 0.732900, -0.941838, -1.171517, -2.754270
2024-04-05 13:46:44 0.703401, -0.317623, 0.732900, -0.941838, -1.171517, -2.754270
2024-04-05 13:46:44 0.703401, -0.317623, 0.732900, -0.941838, -1.171517, -2.754270
2024-04-05 13:46:44 0.703401, -0.317623, 0.732900, -0.941838, -1.171517, -2.754270
2024-04-05 13:46:44 0.703401, -0.317623, 0.732900, -0.941838, -1.171517, -2.754270
2024-04-05 13:46:44 0.703401, -0.317623, 0.732900, -0.941838, -1.171517, -2.754270
2024-04-05 13:46:44 0.703401, -0.317623, 0.732900, -0.941838, -1.171517, -2.754270
2024-04-05 13:46:44 0.703401, -0.317623, 0.732900, -0.941838, -1.171517, -2.754270
2024-04-05 13:46:44 0.703401, -0.317623, 0.732900, -0.941838, -1.171517, -2.754270
2024-04-05 13:46:44 0.703401, -0.317623, 0.732900, -0.941838, -1.171517, -2.754270
2024-04-05 13:46:44 0.703401, -0.317623, 0.732900, -0.941838, -1.171517, -2.754270
2024-04-05 13:46:44 0.703401, -0.317623, 0.732900, -0.941838, -1.171517, -2.754270
2024-04-05 13:46:44 0.703401, -0.317623, 0.732900, -0.941838, -1.171517, -2.754270
2024-04-05 13:46:44 0.703401, -0.317623, 0.732900, -0.941838, -1.171517, -2.754270
2024-04-05 13:46:44 0.703401, -0.317623, 0.732900, -0.941838, -1.171517, -2.754270
2024-04-05 13:46:44 0.703401, -0.317623, 0.732900, -0.941838, -1.171517, -2.754270
2024-04-05 13:46:44 0.703401, -0.317623, 0.732900, -0.941838, -1.171517, -2.754270
2024-04-05 13:46:44 0.703401, -0.317623, 0.732900, -0.941838, -1.171517, -2.754270
2024-04-05 13:46:44 0.703401, -0.317623, 0.732900, -0.941838, -1.171517, -2.754270
2024-04-05 13:46:44 0.703401, -0.317623, 0.732900, -0.941838, -1.171517, -2.754270
2024-04-05 13:46:44 0.703401, -0.317623, 0.732900, -0.941838, -1.171517, -2.754270
2024-04-05 13:46:44 0.703401, -0.317623, 0.732900, -0.941838, -1.171517, -2.754270
2024-04-05 13:46:44 0.703401, -0.317623, 0.732900, -0.941838, -1.171517, -2.754270
2024-04-05 13:46:44 0.703401, -0.317623, 0.732900, -0.941838, -1.171517, -2.754270
2024-04-05 13:46:44 0.703401, -0.317623, 0.732900, -0.941838, -1.171517, -2.754270
2024-04-05 13:46:44 0.703401, -0.317623, 0.732900, -0.941838, -1.171517, -2.754270
2024-04-05 13:46:44 0.703401, -0.317623, 0.732900, -0.941838, -1.171517, -2.754270
2024-04-05 13:46:44 0.703401, -0.317623, 0.732900, -0.941838, -1.171517, -2.754270
2024-04-05 13:46:44 0.703401, -0.317623, 0.732900, -0.941838, -1.171517, -2.754270
2024-04-05 13:46:44 0.703401, -0.317623, 0.732900, -0.941838, -1.171517, -2.754270
2024-04-05 13:46:44 0.703401, -0.317623, 0.732900, -0.941838, -1.171517, -2.754270
2024-04-05 13:46:44 0.703401, -0.317623, 0.732900, -0.941838, -1.171517, -2.754270
2024-04-05 13:46:44 0.703401, -0.317623, 0.732900, -0.941838, -1.171517, -2.754270
2024-04-05 13:46:44 0.703401, -0.317623, 0.732900, -0.941838, -1.171517, -2.754270
2024-04-05 13:46:44 0.703401, -0.317623, 0.732900, -0.941838, -1.171517, -2.754270
2024-04-05 13:46:44 0.703401, -0.317623, 0.732900, -0.941838, -1.171517, -2.754270
2024-04-05 13:46:44 0.703401, -0.317623, 0.732900, -0.941838, -1.171517, -2.754270
2024-04-05 13:46:44 0.703401, -0.317623, 0.732900, -0.941838, -1.171517, -2.754270
2024-04-05 13:46:44 0.703401, -0.317623, 0.732900, -0.941838, -1.171517, -2.754270
2024-04-05 13:46:44 0.703401, -0.317623, 0.732900, -0.941838, -1.171517, -2.754270
2024-04-05 13:46:44 0.703401, -0.317623, 0.732900, -0.941838, -1.171517, -2.754270
2024-04-05 13:46:44 0.703401, -0.317623, 0.732900, -0.941838, -1.171517, -2.754270
2024-04-05 13:46:44 0.703401, -0.317623, 0.732900, -0.941838, -1.171517, -2.754270
2024-04-05 13:46:44 0.703401, -0.317623, 0.732900, -0.941838, -1.171517, -2.754270
2024-04-05 13:46:44 0.703401, -0.317623, 0.732900, -0.941838, -1.171517, -2.754270
2024-04-05 13:46:45 0.703401, -0.317623, 0.732900, -0.941838, -1.171517, -2.754270
2024-04-05 13:46:45 0.703401, -0.317623, 0.732900, -0.941838, -1.171517, -2.754270
2024-04-05 13:46:45 0.703401, -0.317623, 0.732900, -0.941838, -1.171517, -2.754270
2024-04-05 13:46:45 0.703401, -0.317623, 0.732900, -0.941838, -1.171517, -2.754270
2024-04-05 13:46:45 0.703401, -0.317623, 0.732900, -0.941838, -1.171517, -2.754270
2024-04-05 13:46:45 0.703401, -0.317623, 0.732900, -0.941838, -1.171517, -2.754270
2024-04-05 13:46:45 0.703363, -0.317662, 0.732389, -0.941417, -1.171931, -2.753835
2024-04-05 13:46:45 0.703363, -0.317662, 0.732389, -0.941417, -1.171931, -2.753835
2024-04-05 13:46:45 0.703363, -0.317662, 0.732389, -0.941417, -1.171931, -2.753835
2024-04-05 13:46:45 0.703363, -0.317662, 0.732389, -0.941417, -1.171931, -2.753835
2024-04-05 13:46:45 0.703363, -0.317662, 0.732389, -0.941417, -1.171931, -2.753835
2024-04-05 13:46:45 0.703363, -0.317662, 0.732389, -0.941417, -1.171931, -2.753835
2024-04-05 13:46:45 0.703363, -0.317662, 0.732389, -0.941417, -1.171931, -2.753835
2024-04-05 13:46:45 0.703363, -0.317662, 0.732389, -0.941417, -1.171931, -2.753835
2024-04-05 13:46:45 0.703363, -0.317662, 0.732389, -0.941417, -1.171931, -2.753835
2024-04-05 13:46:45 0.703363, -0.317662, 0.732389, -0.941417, -1.171931, -2.753835
2024-04-05 13:46:45 0.703363, -0.317662, 0.732389, -0.941417, -1.171931, -2.753835
2024-04-05 13:46:45 0.703363, -0.317662, 0.732389, -0.941417, -1.171931, -2.753835
2024-04-05 13:46:45 0.703363, -0.317662, 0.732389, -0.941417, -1.171931, -2.753835
2024-04-05 13:46:45 0.703363, -0.317662, 0.732389, -0.941417, -1.171931, -2.753835
2024-04-05 13:46:45 0.703363, -0.317662, 0.732389, -0.941417, -1.171931, -2.753835
2024-04-05 13:46:45 0.703363, -0.317662, 0.732389, -0.941417, -1.171931, -2.753835
2024-04-05 13:46:45 0.703363, -0.317662, 0.732389, -0.941417, -1.171931, -2.753835
2024-04-05 13:46:45 0.703363, -0.317662, 0.732389, -0.941417, -1.171931, -2.753835
2024-04-05 13:46:45 0.703363, -0.317662, 0.732389, -0.941417, -1.171931, -2.753835
2024-04-05 13:46:45 0.703363, -0.317662, 0.732389, -0.941417, -1.171931, -2.753835
2024-04-05 13:46:45 0.703363, -0.317662, 0.732389, -0.941417, -1.171931, -2.753835
2024-04-05 13:46:45 0.703363, -0.317662, 0.732389, -0.941417, -1.171931, -2.753835
2024-04-05 13:46:45 0.703363, -0.317662, 0.732389, -0.941417, -1.171931, -2.753835
2024-04-05 13:46:45 0.703363, -0.317662, 0.732389, -0.941417, -1.171931, -2.753835
2024-04-05 13:46:45 0.703363, -0.317662, 0.732389, -0.941417, -1.171931, -2.753835
2024-04-05 13:46:45 0.703363, -0.317662, 0.732389, -0.941417, -1.171931, -2.753835
2024-04-05 13:46:45 0.703363, -0.317662, 0.732389, -0.941417, -1.171931, -2.753835
2024-04-05 13:46:45 0.703363, -0.317662, 0.732389, -0.941417, -1.171931, -2.753835
2024-04-05 13:46:45 0.703363, -0.317662, 0.732389, -0.941417, -1.171931, -2.753835
2024-04-05 13:46:45 0.703363, -0.317662, 0.732389, -0.941417, -1.171931, -2.753835
2024-04-05 13:46:45 0.703363, -0.317662, 0.732389, -0.941417, -1.171931, -2.753835
2024-04-05 13:46:45 0.703363, -0.317662, 0.732389, -0.941417, -1.171931, -2.753835
2024-04-05 13:46:45 0.703363, -0.317662, 0.732389, -0.941417, -1.171931, -2.753835
2024-04-05 13:46:45 0.703363, -0.317662, 0.732389, -0.941417, -1.171931, -2.753835
2024-04-05 13:46:45 0.703363, -0.317662, 0.732389, -0.941417, -1.171931, -2.753835
2024-04-05 13:46:45 0.703363, -0.317662, 0.732389, -0.941417, -1.171931, -2.753835
2024-04-05 13:46:45 0.703363, -0.317662, 0.732389, -0.941417, -1.171931, -2.753835
2024-04-05 13:46:45 0.703363, -0.317662, 0.732389, -0.941417, -1.171931, -2.753835
2024-04-05 13:46:45 0.703363, -0.317662, 0.732389, -0.941417, -1.171931, -2.753835
2024-04-05 13:46:45 0.703363, -0.317662, 0.732389, -0.941417, -1.171931, -2.753835
2024-04-05 13:46:45 0.703363, -0.317662, 0.732389, -0.941417, -1.171931, -2.753835
2024-04-05 13:46:45 0.703363, -0.317662, 0.732389, -0.941417, -1.171931, -2.753835
2024-04-05 13:46:45 0.703363, -0.317662, 0.732389, -0.941417, -1.171931, -2.753835
2024-04-05 13:46:45 0.703363, -0.317662, 0.732389, -0.941417, -1.171931, -2.753835
2024-04-05 13:46:45 0.703363, -0.317662, 0.732389, -0.941417, -1.171931, -2.753835
2024-04-05 13:46:45 0.703363, -0.317662, 0.732389, -0.941417, -1.171931, -2.753835
2024-04-05 13:46:45 0.703363, -0.317662, 0.732389, -0.941417, -1.171931, -2.753835
2024-04-05 13:46:45 0.703363, -0.317662, 0.732389, -0.941417, -1.171931, -2.753835
2024-04-05 13:46:45 0.703363, -0.317662, 0.732389, -0.941417, -1.171931, -2.753835
2024-04-05 13:46:45 0.703363, -0.317662, 0.732389, -0.941417, -1.171931, -2.753835
2024-04-05 13:46:45 0.703363, -0.317662, 0.732389, -0.941417, -1.171931, -2.753835
2024-04-05 13:46:45 0.703363, -0.317662, 0.732389, -0.941417, -1.171931, -2.753835
2024-04-05 13:46:45 0.703363, -0.317662, 0.732389, -0.941417, -1.171931, -2.753835
2024-04-05 13:46:45 0.703363, -0.317662, 0.732389, -0.941417, -1.171931, -2.753835
2024-04-05 13:46:45 0.703363, -0.317662, 0.732389, -0.941417, -1.171931, -2.753835
2024-04-05 13:46:45 0.703363, -0.317662, 0.732389, -0.941417, -1.171931, -2.753835
2024-04-05 13:46:45 0.703363, -0.317662, 0.732389, -0.941417, -1.171931, -2.753835
2024-04-05 13:46:45 0.703363, -0.317662, 0.732389, -0.941417, -1.171931, -2.753835
2024-04-05 13:46:45 0.703363, -0.317662, 0.732389, -0.941417, -1.171931, -2.753835
2024-04-05 13:46:46 0.703363, -0.317662, 0.732389, -0.941417, -1.171931, -2.753835
2024-04-05 13:46:46 0.703363, -0.317662, 0.732389, -0.941417, -1.171931, -2.753835
2024-04-05 13:46:46 0.703363, -0.317662, 0.732389, -0.941417, -1.171931, -2.753835
2024-04-05 13:46:46 0.703363, -0.317662, 0.732389, -0.941417, -1.171931, -2.753835
2024-04-05 13:46:46 0.703363, -0.317662, 0.732389, -0.941417, -1.171931, -2.753835
2024-04-05 13:46:46 0.703363, -0.317662, 0.732389, -0.941417, -1.171931, -2.753835
2024-04-05 13:46:46 0.703363, -0.317662, 0.732389, -0.941417, -1.171931, -2.753835
2024-04-05 13:46:46 0.703363, -0.317662, 0.732389, -0.941417, -1.171931, -2.753835
2024-04-05 13:46:46 0.703363, -0.317662, 0.732389, -0.941417, -1.171931, -2.753835
2024-04-05 13:46:46 0.703363, -0.317662, 0.732389, -0.941417, -1.171931, -2.753835
2024-04-05 13:46:46 0.703363, -0.317662, 0.732389, -0.941417, -1.171931, -2.753835
2024-04-05 13:46:46 0.703312, -0.317368, 0.732438, -0.935628, -1.173127, -2.758292
2024-04-05 13:46:46 0.703312, -0.317368, 0.732438, -0.935628, -1.173127, -2.758292
2024-04-05 13:46:46 0.703312, -0.317368, 0.732438, -0.935628, -1.173127, -2.758292
2024-04-05 13:46:46 0.703312, -0.317368, 0.732438, -0.935628, -1.173127, -2.758292
2024-04-05 13:46:46 0.703312, -0.317368, 0.732438, -0.935628, -1.173127, -2.758292
2024-04-05 13:46:46 0.703312, -0.317368, 0.732438, -0.935628, -1.173127, -2.758292
2024-04-05 13:46:46 0.703312, -0.317368, 0.732438, -0.935628, -1.173127, -2.758292
2024-04-05 13:46:46 0.703312, -0.317368, 0.732438, -0.935628, -1.173127, -2.758292
2024-04-05 13:46:46 0.703312, -0.317368, 0.732438, -0.935628, -1.173127, -2.758292
2024-04-05 13:46:46 0.703312, -0.317368, 0.732438, -0.935628, -1.173127, -2.758292
2024-04-05 13:46:46 0.703312, -0.317368, 0.732438, -0.935628, -1.173127, -2.758292
2024-04-05 13:46:46 0.703312, -0.317368, 0.732438, -0.935628, -1.173127, -2.758292
2024-04-05 13:46:46 0.703312, -0.317368, 0.732438, -0.935628, -1.173127, -2.758292
2024-04-05 13:46:46 0.703312, -0.317368, 0.732438, -0.935628, -1.173127, -2.758292
2024-04-05 13:46:46 0.703312, -0.317368, 0.732438, -0.935628, -1.173127, -2.758292
2024-04-05 13:46:46 0.703312, -0.317368, 0.732438, -0.935628, -1.173127, -2.758292
2024-04-05 13:46:46 0.703312, -0.317368, 0.732438, -0.935628, -1.173127, -2.758292
2024-04-05 13:46:46 0.703312, -0.317368, 0.732438, -0.935628, -1.173127, -2.758292
2024-04-05 13:46:46 0.703312, -0.317368, 0.732438, -0.935628, -1.173127, -2.758292
2024-04-05 13:46:46 0.703312, -0.317368, 0.732438, -0.935628, -1.173127, -2.758292
2024-04-05 13:46:46 0.703312, -0.317368, 0.732438, -0.935628, -1.173127, -2.758292
2024-04-05 13:46:46 0.703312, -0.317368, 0.732438, -0.935628, -1.173127, -2.758292
2024-04-05 13:46:46 0.703312, -0.317368, 0.732438, -0.935628, -1.173127, -2.758292
2024-04-05 13:46:46 0.703312, -0.317368, 0.732438, -0.935628, -1.173127, -2.758292
2024-04-05 13:46:46 0.703312, -0.317368, 0.732438, -0.935628, -1.173127, -2.758292
2024-04-05 13:46:46 0.703312, -0.317368, 0.732438, -0.935628, -1.173127, -2.758292
2024-04-05 13:46:46 0.703312, -0.317368, 0.732438, -0.935628, -1.173127, -2.758292
2024-04-05 13:46:46 0.703312, -0.317368, 0.732438, -0.935628, -1.173127, -2.758292
2024-04-05 13:46:46 0.703312, -0.317368, 0.732438, -0.935628, -1.173127, -2.758292
2024-04-05 13:46:46 0.703312, -0.317368, 0.732438, -0.935628, -1.173127, -2.758292
2024-04-05 13:46:46 0.703312, -0.317368, 0.732438, -0.935628, -1.173127, -2.758292
2024-04-05 13:46:46 0.703312, -0.317368, 0.732438, -0.935628, -1.173127, -2.758292
2024-04-05 13:46:46 0.703312, -0.317368, 0.732438, -0.935628, -1.173127, -2.758292
2024-04-05 13:46:46 0.703312, -0.317368, 0.732438, -0.935628, -1.173127, -2.758292
2024-04-05 13:46:46 0.703312, -0.317368, 0.732438, -0.935628, -1.173127, -2.758292
2024-04-05 13:46:46 0.703312, -0.317368, 0.732438, -0.935628, -1.173127, -2.758292
2024-04-05 13:46:46 0.703312, -0.317368, 0.732438, -0.935628, -1.173127, -2.758292
2024-04-05 13:46:46 0.703312, -0.317368, 0.732438, -0.935628, -1.173127, -2.758292
2024-04-05 13:46:46 0.703312, -0.317368, 0.732438, -0.935628, -1.173127, -2.758292
2024-04-05 13:46:46 0.703312, -0.317368, 0.732438, -0.935628, -1.173127, -2.758292
2024-04-05 13:46:46 0.703312, -0.317368, 0.732438, -0.935628, -1.173127, -2.758292
2024-04-05 13:46:46 0.703312, -0.317368, 0.732438, -0.935628, -1.173127, -2.758292
2024-04-05 13:46:46 0.703312, -0.317368, 0.732438, -0.935628, -1.173127, -2.758292
2024-04-05 13:46:46 0.703312, -0.317368, 0.732438, -0.935628, -1.173127, -2.758292
2024-04-05 13:46:46 0.703312, -0.317368, 0.732438, -0.935628, -1.173127, -2.758292
2024-04-05 13:46:46 0.703312, -0.317368, 0.732438, -0.935628, -1.173127, -2.758292
2024-04-05 13:46:46 0.703312, -0.317368, 0.732438, -0.935628, -1.173127, -2.758292
2024-04-05 13:46:46 0.703312, -0.317368, 0.732438, -0.935628, -1.173127, -2.758292
2024-04-05 13:46:46 0.703312, -0.317368, 0.732438, -0.935628, -1.173127, -2.758292
2024-04-05 13:46:46 0.703312, -0.317368, 0.732438, -0.935628, -1.173127, -2.758292
2024-04-05 13:46:46 0.703312, -0.317368, 0.732438, -0.935628, -1.173127, -2.758292
2024-04-05 13:46:46 0.703312, -0.317368, 0.732438, -0.935628, -1.173127, -2.758292
2024-04-05 13:46:46 0.703312, -0.317368, 0.732438, -0.935628, -1.173127, -2.758292
2024-04-05 13:46:47 0.703312, -0.317368, 0.732438, -0.935628, -1.173127, -2.758292
2024-04-05 13:46:47 0.703312, -0.317368, 0.732438, -0.935628, -1.173127, -2.758292
2024-04-05 13:46:47 0.703312, -0.317368, 0.732438, -0.935628, -1.173127, -2.758292
2024-04-05 13:46:47 0.703312, -0.317368, 0.732438, -0.935628, -1.173127, -2.758292
2024-04-05 13:46:47 0.703312, -0.317368, 0.732438, -0.935628, -1.173127, -2.758292
2024-04-05 13:46:47 0.703312, -0.317368, 0.732438, -0.935628, -1.173127, -2.758292
2024-04-05 13:46:47 0.703312, -0.317368, 0.732438, -0.935628, -1.173127, -2.758292
2024-04-05 13:46:47 0.703312, -0.317368, 0.732438, -0.935628, -1.173127, -2.758292
2024-04-05 13:46:47 0.703312, -0.317368, 0.732438, -0.935628, -1.173127, -2.758292
2024-04-05 13:46:47 0.703312, -0.317368, 0.732438, -0.935628, -1.173127, -2.758292
2024-04-05 13:46:47 0.703312, -0.317368, 0.732438, -0.935628, -1.173127, -2.758292
2024-04-05 13:46:47 0.703312, -0.317368, 0.732438, -0.935628, -1.173127, -2.758292
2024-04-05 13:46:47 0.703312, -0.317368, 0.732438, -0.935628, -1.173127, -2.758292
2024-04-05 13:46:47 0.744442, -0.324531, 0.788734, -0.003111, -1.197965, -1.502454
2024-04-05 13:46:47 0.744442, -0.324531, 0.788734, -0.003111, -1.197965, -1.502454
2024-04-05 13:46:47 0.744442, -0.324531, 0.788734, -0.003111, -1.197965, -1.502454
2024-04-05 13:46:47 0.744442, -0.324531, 0.788734, -0.003111, -1.197965, -1.502454
2024-04-05 13:46:47 0.744442, -0.324531, 0.788734, -0.003111, -1.197965, -1.502454
2024-04-05 13:46:47 0.744442, -0.324531, 0.788734, -0.003111, -1.197965, -1.502454
2024-04-05 13:46:47 0.744442, -0.324531, 0.788734, -0.003111, -1.197965, -1.502454
2024-04-05 13:46:47 0.744442, -0.324531, 0.788734, -0.003111, -1.197965, -1.502454
2024-04-05 13:46:47 0.744442, -0.324531, 0.788734, -0.003111, -1.197965, -1.502454
2024-04-05 13:46:47 0.744442, -0.324531, 0.788734, -0.003111, -1.197965, -1.502454
2024-04-05 13:46:47 0.744442, -0.324531, 0.788734, -0.003111, -1.197965, -1.502454
2024-04-05 13:46:47 0.744442, -0.324531, 0.788734, -0.003111, -1.197965, -1.502454
2024-04-05 13:46:47 0.744442, -0.324531, 0.788734, -0.003111, -1.197965, -1.502454
2024-04-05 13:46:47 0.744442, -0.324531, 0.788734, -0.003111, -1.197965, -1.502454
2024-04-05 13:46:47 0.744442, -0.324531, 0.788734, -0.003111, -1.197965, -1.502454
2024-04-05 13:46:47 0.744442, -0.324531, 0.788734, -0.003111, -1.197965, -1.502454
2024-04-05 13:46:47 0.744442, -0.324531, 0.788734, -0.003111, -1.197965, -1.502454
2024-04-05 13:46:47 0.744442, -0.324531, 0.788734, -0.003111, -1.197965, -1.502454
2024-04-05 13:46:47 0.744442, -0.324531, 0.788734, -0.003111, -1.197965, -1.502454
2024-04-05 13:46:47 0.744442, -0.324531, 0.788734, -0.003111, -1.197965, -1.502454
2024-04-05 13:46:47 0.744442, -0.324531, 0.788734, -0.003111, -1.197965, -1.502454
2024-04-05 13:46:47 0.744442, -0.324531, 0.788734, -0.003111, -1.197965, -1.502454
2024-04-05 13:46:47 0.744442, -0.324531, 0.788734, -0.003111, -1.197965, -1.502454
2024-04-05 13:46:47 0.744442, -0.324531, 0.788734, -0.003111, -1.197965, -1.502454
2024-04-05 13:46:47 0.744442, -0.324531, 0.788734, -0.003111, -1.197965, -1.502454
2024-04-05 13:46:47 0.744442, -0.324531, 0.788734, -0.003111, -1.197965, -1.502454
2024-04-05 13:46:47 0.744442, -0.324531, 0.788734, -0.003111, -1.197965, -1.502454
2024-04-05 13:46:47 0.744442, -0.324531, 0.788734, -0.003111, -1.197965, -1.502454
2024-04-05 13:46:47 0.744442, -0.324531, 0.788734, -0.003111, -1.197965, -1.502454
2024-04-05 13:46:47 0.744442, -0.324531, 0.788734, -0.003111, -1.197965, -1.502454
2024-04-05 13:46:47 0.744442, -0.324531, 0.788734, -0.003111, -1.197965, -1.502454
2024-04-05 13:46:47 0.744442, -0.324531, 0.788734, -0.003111, -1.197965, -1.502454
2024-04-05 13:46:47 0.744442, -0.324531, 0.788734, -0.003111, -1.197965, -1.502454
2024-04-05 13:46:47 0.744442, -0.324531, 0.788734, -0.003111, -1.197965, -1.502454
2024-04-05 13:46:47 0.744442, -0.324531, 0.788734, -0.003111, -1.197965, -1.502454
2024-04-05 13:46:47 0.744442, -0.324531, 0.788734, -0.003111, -1.197965, -1.502454
2024-04-05 13:46:47 0.744442, -0.324531, 0.788734, -0.003111, -1.197965, -1.502454
2024-04-05 13:46:47 0.744442, -0.324531, 0.788734, -0.003111, -1.197965, -1.502454
2024-04-05 13:46:47 0.744442, -0.324531, 0.788734, -0.003111, -1.197965, -1.502454
2024-04-05 13:46:47 0.744442, -0.324531, 0.788734, -0.003111, -1.197965, -1.502454
2024-04-05 13:46:47 0.744442, -0.324531, 0.788734, -0.003111, -1.197965, -1.502454
2024-04-05 13:46:47 0.744442, -0.324531, 0.788734, -0.003111, -1.197965, -1.502454
2024-04-05 13:46:47 0.744442, -0.324531, 0.788734, -0.003111, -1.197965, -1.502454
2024-04-05 13:46:47 0.744442, -0.324531, 0.788734, -0.003111, -1.197965, -1.502454
2024-04-05 13:46:47 0.744442, -0.324531, 0.788734, -0.003111, -1.197965, -1.502454
2024-04-05 13:46:47 0.744442, -0.324531, 0.788734, -0.003111, -1.197965, -1.502454
2024-04-05 13:46:47 0.744442, -0.324531, 0.788734, -0.003111, -1.197965, -1.502454
2024-04-05 13:46:47 0.744442, -0.324531, 0.788734, -0.003111, -1.197965, -1.502454
2024-04-05 13:46:47 0.744442, -0.324531, 0.788734, -0.003111, -1.197965, -1.502454
2024-04-05 13:46:47 0.744442, -0.324531, 0.788734, -0.003111, -1.197965, -1.502454
2024-04-05 13:46:47 0.744442, -0.324531, 0.788734, -0.003111, -1.197965, -1.502454
2024-04-05 13:46:48 0.744442, -0.324531, 0.788734, -0.003111, -1.197965, -1.502454
2024-04-05 13:46:48 0.744442, -0.324531, 0.788734, -0.003111, -1.197965, -1.502454
2024-04-05 13:46:48 0.744442, -0.324531, 0.788734, -0.003111, -1.197965, -1.502454
2024-04-05 13:46:48 0.744442, -0.324531, 0.788734, -0.003111, -1.197965, -1.502454
2024-04-05 13:46:48 0.744442, -0.324531, 0.788734, -0.003111, -1.197965, -1.502454
2024-04-05 13:46:48 0.744442, -0.324531, 0.788734, -0.003111, -1.197965, -1.502454
2024-04-05 13:46:48 0.744442, -0.324531, 0.788734, -0.003111, -1.197965, -1.502454
2024-04-05 13:46:48 0.744442, -0.324531, 0.788734, -0.003111, -1.197965, -1.502454
2024-04-05 13:46:48 0.744442, -0.324531, 0.788734, -0.003111, -1.197965, -1.502454
2024-04-05 13:46:48 0.744442, -0.324531, 0.788734, -0.003111, -1.197965, -1.502454
2024-04-05 13:46:48 0.744442, -0.324531, 0.788734, -0.003111, -1.197965, -1.502454
2024-04-05 13:46:48 0.744442, -0.324531, 0.788734, -0.003111, -1.197965, -1.502454
2024-04-05 13:46:48 0.744442, -0.324531, 0.788734, -0.003111, -1.197965, -1.502454
2024-04-05 13:46:48 0.744442, -0.324531, 0.788734, -0.003111, -1.197965, -1.502454
2024-04-05 13:46:48 0.744442, -0.324531, 0.788734, -0.003111, -1.197965, -1.502454
2024-04-05 13:46:48 0.744442, -0.324531, 0.788734, -0.003111, -1.197965, -1.502454
2024-04-05 13:46:48 0.744442, -0.324531, 0.788734, -0.003111, -1.197965, -1.502454
2024-04-05 13:46:48 0.697201, 0.101700, 0.729344, -1.147143, -0.934967, -2.932931
2024-04-05 13:46:48 0.697201, 0.101700, 0.729344, -1.147143, -0.934967, -2.932931
2024-04-05 13:46:48 0.697201, 0.101700, 0.729344, -1.147143, -0.934967, -2.932931
2024-04-05 13:46:48 0.697201, 0.101700, 0.729344, -1.147143, -0.934967, -2.932931
2024-04-05 13:46:48 0.697201, 0.101700, 0.729344, -1.147143, -0.934967, -2.932931
2024-04-05 13:46:48 0.697201, 0.101700, 0.729344, -1.147143, -0.934967, -2.932931
2024-04-05 13:46:48 0.697201, 0.101700, 0.729344, -1.147143, -0.934967, -2.932931
2024-04-05 13:46:48 0.697201, 0.101700, 0.729344, -1.147143, -0.934967, -2.932931
2024-04-05 13:46:48 0.697201, 0.101700, 0.729344, -1.147143, -0.934967, -2.932931
2024-04-05 13:46:48 0.697201, 0.101700, 0.729344, -1.147143, -0.934967, -2.932931
2024-04-05 13:46:48 0.697201, 0.101700, 0.729344, -1.147143, -0.934967, -2.932931
2024-04-05 13:46:48 0.697201, 0.101700, 0.729344, -1.147143, -0.934967, -2.932931
2024-04-05 13:46:48 0.697201, 0.101700, 0.729344, -1.147143, -0.934967, -2.932931
2024-04-05 13:46:48 0.697201, 0.101700, 0.729344, -1.147143, -0.934967, -2.932931
2024-04-05 13:46:48 0.697201, 0.101700, 0.729344, -1.147143, -0.934967, -2.932931
2024-04-05 13:46:48 0.697201, 0.101700, 0.729344, -1.147143, -0.934967, -2.932931
2024-04-05 13:46:48 0.697201, 0.101700, 0.729344, -1.147143, -0.934967, -2.932931
2024-04-05 13:46:48 0.697201, 0.101700, 0.729344, -1.147143, -0.934967, -2.932931
2024-04-05 13:46:48 0.697201, 0.101700, 0.729344, -1.147143, -0.934967, -2.932931
2024-04-05 13:46:48 0.697201, 0.101700, 0.729344, -1.147143, -0.934967, -2.932931
2024-04-05 13:46:48 0.697201, 0.101700, 0.729344, -1.147143, -0.934967, -2.932931
2024-04-05 13:46:48 0.697201, 0.101700, 0.729344, -1.147143, -0.934967, -2.932931
2024-04-05 13:46:48 0.697201, 0.101700, 0.729344, -1.147143, -0.934967, -2.932931
2024-04-05 13:46:48 0.697201, 0.101700, 0.729344, -1.147143, -0.934967, -2.932931
2024-04-05 13:46:48 0.697201, 0.101700, 0.729344, -1.147143, -0.934967, -2.932931
2024-04-05 13:46:48 0.697201, 0.101700, 0.729344, -1.147143, -0.934967, -2.932931
2024-04-05 13:46:48 0.697201, 0.101700, 0.729344, -1.147143, -0.934967, -2.932931
2024-04-05 13:46:48 0.697201, 0.101700, 0.729344, -1.147143, -0.934967, -2.932931
2024-04-05 13:46:48 0.697201, 0.101700, 0.729344, -1.147143, -0.934967, -2.932931
2024-04-05 13:46:48 0.697201, 0.101700, 0.729344, -1.147143, -0.934967, -2.932931
2024-04-05 13:46:48 0.697201, 0.101700, 0.729344, -1.147143, -0.934967, -2.932931
2024-04-05 13:46:48 0.697201, 0.101700, 0.729344, -1.147143, -0.934967, -2.932931
2024-04-05 13:46:48 0.697201, 0.101700, 0.729344, -1.147143, -0.934967, -2.932931
2024-04-05 13:46:48 0.697201, 0.101700, 0.729344, -1.147143, -0.934967, -2.932931
2024-04-05 13:46:48 0.697201, 0.101700, 0.729344, -1.147143, -0.934967, -2.932931
2024-04-05 13:46:48 0.697201, 0.101700, 0.729344, -1.147143, -0.934967, -2.932931
2024-04-05 13:46:48 0.697201, 0.101700, 0.729344, -1.147143, -0.934967, -2.932931
2024-04-05 13:46:48 0.697201, 0.101700, 0.729344, -1.147143, -0.934967, -2.932931
2024-04-05 13:46:48 0.697201, 0.101700, 0.729344, -1.147143, -0.934967, -2.932931
2024-04-05 13:46:48 0.697201, 0.101700, 0.729344, -1.147143, -0.934967, -2.932931
2024-04-05 13:46:48 0.697201, 0.101700, 0.729344, -1.147143, -0.934967, -2.932931
2024-04-05 13:46:48 0.697201, 0.101700, 0.729344, -1.147143, -0.934967, -2.932931
2024-04-05 13:46:48 0.697201, 0.101700, 0.729344, -1.147143, -0.934967, -2.932931
2024-04-05 13:46:48 0.697201, 0.101700, 0.729344, -1.147143, -0.934967, -2.932931
2024-04-05 13:46:48 0.697201, 0.101700, 0.729344, -1.147143, -0.934967, -2.932931
2024-04-05 13:46:48 0.697201, 0.101700, 0.729344, -1.147143, -0.934967, -2.932931
2024-04-05 13:46:48 0.697201, 0.101700, 0.729344, -1.147143, -0.934967, -2.932931
2024-04-05 13:46:49 0.697201, 0.101700, 0.729344, -1.147143, -0.934967, -2.932931
2024-04-05 13:46:49 0.697201, 0.101700, 0.729344, -1.147143, -0.934967, -2.932931
2024-04-05 13:46:49 0.697201, 0.101700, 0.729344, -1.147143, -0.934967, -2.932931
2024-04-05 13:46:49 0.697201, 0.101700, 0.729344, -1.147143, -0.934967, -2.932931
2024-04-05 13:46:49 0.697201, 0.101700, 0.729344, -1.147143, -0.934967, -2.932931
2024-04-05 13:46:49 0.697201, 0.101700, 0.729344, -1.147143, -0.934967, -2.932931
2024-04-05 13:46:49 0.697201, 0.101700, 0.729344, -1.147143, -0.934967, -2.932931
2024-04-05 13:46:49 0.697201, 0.101700, 0.729344, -1.147143, -0.934967, -2.932931
2024-04-05 13:46:49 0.697201, 0.101700, 0.729344, -1.147143, -0.934967, -2.932931
2024-04-05 13:46:49 0.697201, 0.101700, 0.729344, -1.147143, -0.934967, -2.932931
2024-04-05 13:46:49 0.697201, 0.101700, 0.729344, -1.147143, -0.934967, -2.932931
2024-04-05 13:46:49 0.697201, 0.101700, 0.729344, -1.147143, -0.934967, -2.932931
2024-04-05 13:46:49 0.697201, 0.101700, 0.729344, -1.147143, -0.934967, -2.932931
2024-04-05 13:46:49 0.697201, 0.101700, 0.729344, -1.147143, -0.934967, -2.932931
2024-04-05 13:46:49 0.697201, 0.101700, 0.729344, -1.147143, -0.934967, -2.932931
2024-04-05 13:46:49 0.697201, 0.101700, 0.729344, -1.147143, -0.934967, -2.932931
2024-04-05 13:46:49 0.697201, 0.101700, 0.729344, -1.147143, -0.934967, -2.932931
2024-04-05 13:46:49 0.697201, 0.101700, 0.729344, -1.147143, -0.934967, -2.932931
2024-04-05 13:46:49 0.697201, 0.101700, 0.729344, -1.147143, -0.934967, -2.932931
2024-04-05 13:46:49 0.697201, 0.101700, 0.729344, -1.147143, -0.934967, -2.932931
2024-04-05 13:46:49 0.697201, 0.101700, 0.729344, -1.147143, -0.934967, -2.932931
2024-04-05 13:46:49 0.697201, 0.101700, 0.729344, -1.147143, -0.934967, -2.932931
2024-04-05 13:46:49 0.696766, 0.103235, 0.728717, -1.154154, -0.938880, -2.943994
2024-04-05 13:46:49 0.696766, 0.103235, 0.728717, -1.154154, -0.938880, -2.943994
2024-04-05 13:46:49 0.696766, 0.103235, 0.728717, -1.154154, -0.938880, -2.943994
2024-04-05 13:46:49 0.696766, 0.103235, 0.728717, -1.154154, -0.938880, -2.943994
2024-04-05 13:46:49 0.696766, 0.103235, 0.728717, -1.154154, -0.938880, -2.943994
2024-04-05 13:46:49 0.696766, 0.103235, 0.728717, -1.154154, -0.938880, -2.943994
2024-04-05 13:46:49 0.696766, 0.103235, 0.728717, -1.154154, -0.938880, -2.943994
2024-04-05 13:46:49 0.696766, 0.103235, 0.728717, -1.154154, -0.938880, -2.943994
2024-04-05 13:46:49 0.696766, 0.103235, 0.728717, -1.154154, -0.938880, -2.943994
2024-04-05 13:46:49 0.696766, 0.103235, 0.728717, -1.154154, -0.938880, -2.943994
2024-04-05 13:46:49 0.696766, 0.103235, 0.728717, -1.154154, -0.938880, -2.943994
2024-04-05 13:46:49 0.696766, 0.103235, 0.728717, -1.154154, -0.938880, -2.943994
2024-04-05 13:46:49 0.696766, 0.103235, 0.728717, -1.154154, -0.938880, -2.943994
2024-04-05 13:46:49 0.696766, 0.103235, 0.728717, -1.154154, -0.938880, -2.943994
2024-04-05 13:46:49 0.696766, 0.103235, 0.728717, -1.154154, -0.938880, -2.943994
2024-04-05 13:46:49 0.696766, 0.103235, 0.728717, -1.154154, -0.938880, -2.943994
2024-04-05 13:46:49 0.696766, 0.103235, 0.728717, -1.154154, -0.938880, -2.943994
2024-04-05 13:46:49 0.696766, 0.103235, 0.728717, -1.154154, -0.938880, -2.943994
2024-04-05 13:46:49 0.696766, 0.103235, 0.728717, -1.154154, -0.938880, -2.943994
2024-04-05 13:46:49 0.696766, 0.103235, 0.728717, -1.154154, -0.938880, -2.943994
2024-04-05 13:46:49 0.696766, 0.103235, 0.728717, -1.154154, -0.938880, -2.943994
2024-04-05 13:46:49 0.696766, 0.103235, 0.728717, -1.154154, -0.938880, -2.943994
2024-04-05 13:46:49 0.696766, 0.103235, 0.728717, -1.154154, -0.938880, -2.943994
2024-04-05 13:46:49 0.696766, 0.103235, 0.728717, -1.154154, -0.938880, -2.943994
2024-04-05 13:46:49 0.696766, 0.103235, 0.728717, -1.154154, -0.938880, -2.943994
2024-04-05 13:46:49 0.696766, 0.103235, 0.728717, -1.154154, -0.938880, -2.943994
2024-04-05 13:46:49 0.696766, 0.103235, 0.728717, -1.154154, -0.938880, -2.943994
2024-04-05 13:46:49 0.696766, 0.103235, 0.728717, -1.154154, -0.938880, -2.943994
2024-04-05 13:46:49 0.696766, 0.103235, 0.728717, -1.154154, -0.938880, -2.943994
2024-04-05 13:46:49 0.696766, 0.103235, 0.728717, -1.154154, -0.938880, -2.943994
2024-04-05 13:46:49 0.696766, 0.103235, 0.728717, -1.154154, -0.938880, -2.943994
2024-04-05 13:46:49 0.696766, 0.103235, 0.728717, -1.154154, -0.938880, -2.943994
2024-04-05 13:46:49 0.696766, 0.103235, 0.728717, -1.154154, -0.938880, -2.943994
2024-04-05 13:46:49 0.696766, 0.103235, 0.728717, -1.154154, -0.938880, -2.943994
2024-04-05 13:46:49 0.696766, 0.103235, 0.728717, -1.154154, -0.938880, -2.943994
2024-04-05 13:46:49 0.696766, 0.103235, 0.728717, -1.154154, -0.938880, -2.943994
2024-04-05 13:46:49 0.696766, 0.103235, 0.728717, -1.154154, -0.938880, -2.943994
2024-04-05 13:46:49 0.696766, 0.103235, 0.728717, -1.154154, -0.938880, -2.943994
2024-04-05 13:46:49 0.696766, 0.103235, 0.728717, -1.154154, -0.938880, -2.943994
2024-04-05 13:46:49 0.696766, 0.103235, 0.728717, -1.154154, -0.938880, -2.943994
2024-04-05 13:46:49 0.696766, 0.103235, 0.728717, -1.154154, -0.938880, -2.943994
2024-04-05 13:46:49 0.696766, 0.103235, 0.728717, -1.154154, -0.938880, -2.943994
2024-04-05 13:46:49 0.696766, 0.103235, 0.728717, -1.154154, -0.938880, -2.943994
2024-04-05 13:46:50 0.696766, 0.103235, 0.728717, -1.154154, -0.938880, -2.943994
2024-04-05 13:46:50 0.696766, 0.103235, 0.728717, -1.154154, -0.938880, -2.943994
2024-04-05 13:46:50 0.696766, 0.103235, 0.728717, -1.154154, -0.938880, -2.943994
2024-04-05 13:46:50 0.696766, 0.103235, 0.728717, -1.154154, -0.938880, -2.943994
2024-04-05 13:46:50 0.696766, 0.103235, 0.728717, -1.154154, -0.938880, -2.943994
2024-04-05 13:46:50 0.696766, 0.103235, 0.728717, -1.154154, -0.938880, -2.943994
2024-04-05 13:46:50 0.696766, 0.103235, 0.728717, -1.154154, -0.938880, -2.943994
2024-04-05 13:46:50 0.696766, 0.103235, 0.728717, -1.154154, -0.938880, -2.943994
2024-04-05 13:46:50 0.696766, 0.103235, 0.728717, -1.154154, -0.938880, -2.943994
2024-04-05 13:46:50 0.696766, 0.103235, 0.728717, -1.154154, -0.938880, -2.943994
2024-04-05 13:46:50 0.696766, 0.103235, 0.728717, -1.154154, -0.938880, -2.943994
2024-04-05 13:46:50 0.696766, 0.103235, 0.728717, -1.154154, -0.938880, -2.943994
2024-04-05 13:46:50 0.696766, 0.103235, 0.728717, -1.154154, -0.938880, -2.943994
2024-04-05 13:46:50 0.696766, 0.103235, 0.728717, -1.154154, -0.938880, -2.943994
2024-04-05 13:46:50 0.696766, 0.103235, 0.728717, -1.154154, -0.938880, -2.943994
2024-04-05 13:46:50 0.696766, 0.103235, 0.728717, -1.154154, -0.938880, -2.943994
2024-04-05 13:46:50 0.696766, 0.103235, 0.728717, -1.154154, -0.938880, -2.943994
2024-04-05 13:46:50 0.696766, 0.103235, 0.728717, -1.154154, -0.938880, -2.943994
2024-04-05 13:46:50 0.696766, 0.103235, 0.728717, -1.154154, -0.938880, -2.943994
2024-04-05 13:46:50 0.696766, 0.103235, 0.728717, -1.154154, -0.938880, -2.943994
2024-04-05 13:46:50 0.696766, 0.103235, 0.728717, -1.154154, -0.938880, -2.943994
2024-04-05 13:46:50 0.696766, 0.103235, 0.728717, -1.154154, -0.938880, -2.943994
2024-04-05 13:46:50 0.696766, 0.103235, 0.728717, -1.154154, -0.938880, -2.943994
2024-04-05 13:46:50 0.696766, 0.103235, 0.728717, -1.154154, -0.938880, -2.943994
2024-04-05 13:46:50 0.696766, 0.103235, 0.728717, -1.154154, -0.938880, -2.943994
2024-04-05 13:46:50 0.696766, 0.103235, 0.728717, -1.154154, -0.938880, -2.943994
2024-04-05 13:46:50 0.696766, 0.103235, 0.728717, -1.154154, -0.938880, -2.943994
2024-04-05 13:46:50 0.696100, 0.103391, 0.728665, -1.156180, -0.939093, -2.942622
2024-04-05 13:46:50 0.696100, 0.103391, 0.728665, -1.156180, -0.939093, -2.942622
2024-04-05 13:46:50 0.696100, 0.103391, 0.728665, -1.156180, -0.939093, -2.942622
2024-04-05 13:46:50 0.696100, 0.103391, 0.728665, -1.156180, -0.939093, -2.942622
2024-04-05 13:46:50 0.696100, 0.103391, 0.728665, -1.156180, -0.939093, -2.942622
2024-04-05 13:46:50 0.696100, 0.103391, 0.728665, -1.156180, -0.939093, -2.942622
2024-04-05 13:46:50 0.696100, 0.103391, 0.728665, -1.156180, -0.939093, -2.942622
2024-04-05 13:46:50 0.696100, 0.103391, 0.728665, -1.156180, -0.939093, -2.942622
2024-04-05 13:46:50 0.696100, 0.103391, 0.728665, -1.156180, -0.939093, -2.942622
2024-04-05 13:46:50 0.696100, 0.103391, 0.728665, -1.156180, -0.939093, -2.942622
2024-04-05 13:46:50 0.696100, 0.103391, 0.728665, -1.156180, -0.939093, -2.942622
2024-04-05 13:46:50 0.696100, 0.103391, 0.728665, -1.156180, -0.939093, -2.942622
2024-04-05 13:46:50 0.696100, 0.103391, 0.728665, -1.156180, -0.939093, -2.942622
2024-04-05 13:46:50 0.696100, 0.103391, 0.728665, -1.156180, -0.939093, -2.942622
2024-04-05 13:46:50 0.696100, 0.103391, 0.728665, -1.156180, -0.939093, -2.942622
2024-04-05 13:46:50 0.696100, 0.103391, 0.728665, -1.156180, -0.939093, -2.942622
2024-04-05 13:46:50 0.696100, 0.103391, 0.728665, -1.156180, -0.939093, -2.942622
2024-04-05 13:46:50 0.696100, 0.103391, 0.728665, -1.156180, -0.939093, -2.942622
2024-04-05 13:46:50 0.696100, 0.103391, 0.728665, -1.156180, -0.939093, -2.942622
2024-04-05 13:46:50 0.696100, 0.103391, 0.728665, -1.156180, -0.939093, -2.942622
2024-04-05 13:46:50 0.696100, 0.103391, 0.728665, -1.156180, -0.939093, -2.942622
2024-04-05 13:46:50 0.696100, 0.103391, 0.728665, -1.156180, -0.939093, -2.942622
2024-04-05 13:46:50 0.696100, 0.103391, 0.728665, -1.156180, -0.939093, -2.942622
2024-04-05 13:46:50 0.696100, 0.103391, 0.728665, -1.156180, -0.939093, -2.942622
2024-04-05 13:46:50 0.696100, 0.103391, 0.728665, -1.156180, -0.939093, -2.942622
2024-04-05 13:46:50 0.696100, 0.103391, 0.728665, -1.156180, -0.939093, -2.942622
2024-04-05 13:46:50 0.696100, 0.103391, 0.728665, -1.156180, -0.939093, -2.942622
2024-04-05 13:46:50 0.696100, 0.103391, 0.728665, -1.156180, -0.939093, -2.942622
2024-04-05 13:46:50 0.696100, 0.103391, 0.728665, -1.156180, -0.939093, -2.942622
2024-04-05 13:46:50 0.696100, 0.103391, 0.728665, -1.156180, -0.939093, -2.942622
2024-04-05 13:46:50 0.696100, 0.103391, 0.728665, -1.156180, -0.939093, -2.942622
2024-04-05 13:46:50 0.696100, 0.103391, 0.728665, -1.156180, -0.939093, -2.942622
2024-04-05 13:46:50 0.696100, 0.103391, 0.728665, -1.156180, -0.939093, -2.942622
2024-04-05 13:46:50 0.696100, 0.103391, 0.728665, -1.156180, -0.939093, -2.942622
2024-04-05 13:46:50 0.696100, 0.103391, 0.728665, -1.156180, -0.939093, -2.942622
2024-04-05 13:46:50 0.696100, 0.103391, 0.728665, -1.156180, -0.939093, -2.942622
2024-04-05 13:46:50 0.696100, 0.103391, 0.728665, -1.156180, -0.939093, -2.942622
2024-04-05 13:46:51 0.696100, 0.103391, 0.728665, -1.156180, -0.939093, -2.942622
2024-04-05 13:46:51 0.696100, 0.103391, 0.728665, -1.156180, -0.939093, -2.942622
2024-04-05 13:46:51 0.696100, 0.103391, 0.728665, -1.156180, -0.939093, -2.942622
2024-04-05 13:46:51 0.696100, 0.103391, 0.728665, -1.156180, -0.939093, -2.942622
2024-04-05 13:46:51 0.696100, 0.103391, 0.728665, -1.156180, -0.939093, -2.942622
2024-04-05 13:46:51 0.696100, 0.103391, 0.728665, -1.156180, -0.939093, -2.942622
2024-04-05 13:46:51 0.696100, 0.103391, 0.728665, -1.156180, -0.939093, -2.942622
2024-04-05 13:46:51 0.696100, 0.103391, 0.728665, -1.156180, -0.939093, -2.942622
2024-04-05 13:46:51 0.696100, 0.103391, 0.728665, -1.156180, -0.939093, -2.942622
2024-04-05 13:46:51 0.696100, 0.103391, 0.728665, -1.156180, -0.939093, -2.942622
2024-04-05 13:46:51 0.696100, 0.103391, 0.728665, -1.156180, -0.939093, -2.942622
2024-04-05 13:46:51 0.696100, 0.103391, 0.728665, -1.156180, -0.939093, -2.942622
2024-04-05 13:46:51 0.696100, 0.103391, 0.728665, -1.156180, -0.939093, -2.942622
2024-04-05 13:46:51 0.696100, 0.103391, 0.728665, -1.156180, -0.939093, -2.942622
2024-04-05 13:46:51 0.696100, 0.103391, 0.728665, -1.156180, -0.939093, -2.942622
2024-04-05 13:46:51 0.696100, 0.103391, 0.728665, -1.156180, -0.939093, -2.942622
2024-04-05 13:46:51 0.696100, 0.103391, 0.728665, -1.156180, -0.939093, -2.942622
2024-04-05 13:46:51 0.696100, 0.103391, 0.728665, -1.156180, -0.939093, -2.942622
2024-04-05 13:46:51 0.696100, 0.103391, 0.728665, -1.156180, -0.939093, -2.942622
2024-04-05 13:46:51 0.696100, 0.103391, 0.728665, -1.156180, -0.939093, -2.942622
2024-04-05 13:46:51 0.696100, 0.103391, 0.728665, -1.156180, -0.939093, -2.942622
2024-04-05 13:46:51 0.696100, 0.103391, 0.728665, -1.156180, -0.939093, -2.942622
2024-04-05 13:46:51 0.696100, 0.103391, 0.728665, -1.156180, -0.939093, -2.942622
2024-04-05 13:46:51 0.696100, 0.103391, 0.728665, -1.156180, -0.939093, -2.942622
2024-04-05 13:46:51 0.696100, 0.103391, 0.728665, -1.156180, -0.939093, -2.942622
2024-04-05 13:46:51 0.696100, 0.103391, 0.728665, -1.156180, -0.939093, -2.942622
2024-04-05 13:46:51 0.696100, 0.103391, 0.728665, -1.156180, -0.939093, -2.942622
2024-04-05 13:46:51 0.696100, 0.103391, 0.728665, -1.156180, -0.939093, -2.942622
2024-04-05 13:46:51 0.696100, 0.103391, 0.728665, -1.156180, -0.939093, -2.942622
2024-04-05 13:46:51 0.696100, 0.103391, 0.728665, -1.156180, -0.939093, -2.942622
2024-04-05 13:46:51 0.696100, 0.103391, 0.728665, -1.156180, -0.939093, -2.942622
2024-04-05 13:46:51 0.696100, 0.103391, 0.728665, -1.156180, -0.939093, -2.942622
2024-04-05 13:46:51 0.696100, 0.103391, 0.728665, -1.156180, -0.939093, -2.942622
2024-04-05 13:46:51 0.695959, 0.102904, 0.729038, -1.155087, -0.938309, -2.938284
2024-04-05 13:46:51 0.695959, 0.102904, 0.729038, -1.155087, -0.938309, -2.938284
2024-04-05 13:46:51 0.695959, 0.102904, 0.729038, -1.155087, -0.938309, -2.938284
2024-04-05 13:46:51 0.695959, 0.102904, 0.729038, -1.155087, -0.938309, -2.938284
2024-04-05 13:46:51 0.695959, 0.102904, 0.729038, -1.155087, -0.938309, -2.938284
2024-04-05 13:46:51 0.695959, 0.102904, 0.729038, -1.155087, -0.938309, -2.938284
2024-04-05 13:46:51 0.695959, 0.102904, 0.729038, -1.155087, -0.938309, -2.938284
2024-04-05 13:46:51 0.695959, 0.102904, 0.729038, -1.155087, -0.938309, -2.938284
2024-04-05 13:46:51 0.695959, 0.102904, 0.729038, -1.155087, -0.938309, -2.938284
2024-04-05 13:46:51 0.695959, 0.102904, 0.729038, -1.155087, -0.938309, -2.938284
2024-04-05 13:46:51 0.695959, 0.102904, 0.729038, -1.155087, -0.938309, -2.938284
2024-04-05 13:46:51 0.695959, 0.102904, 0.729038, -1.155087, -0.938309, -2.938284
2024-04-05 13:46:51 0.695959, 0.102904, 0.729038, -1.155087, -0.938309, -2.938284
2024-04-05 13:46:51 0.695959, 0.102904, 0.729038, -1.155087, -0.938309, -2.938284
2024-04-05 13:46:51 0.695959, 0.102904, 0.729038, -1.155087, -0.938309, -2.938284
2024-04-05 13:46:51 0.695959, 0.102904, 0.729038, -1.155087, -0.938309, -2.938284
2024-04-05 13:46:51 0.695959, 0.102904, 0.729038, -1.155087, -0.938309, -2.938284
2024-04-05 13:46:51 0.695959, 0.102904, 0.729038, -1.155087, -0.938309, -2.938284
2024-04-05 13:46:51 0.695959, 0.102904, 0.729038, -1.155087, -0.938309, -2.938284
2024-04-05 13:46:51 0.695959, 0.102904, 0.729038, -1.155087, -0.938309, -2.938284
2024-04-05 13:46:51 0.695959, 0.102904, 0.729038, -1.155087, -0.938309, -2.938284
2024-04-05 13:46:51 0.695959, 0.102904, 0.729038, -1.155087, -0.938309, -2.938284
2024-04-05 13:46:51 0.695959, 0.102904, 0.729038, -1.155087, -0.938309, -2.938284
2024-04-05 13:46:51 0.695959, 0.102904, 0.729038, -1.155087, -0.938309, -2.938284
2024-04-05 13:46:51 0.695959, 0.102904, 0.729038, -1.155087, -0.938309, -2.938284
2024-04-05 13:46:51 0.695959, 0.102904, 0.729038, -1.155087, -0.938309, -2.938284
2024-04-05 13:46:51 0.695959, 0.102904, 0.729038, -1.155087, -0.938309, -2.938284
2024-04-05 13:46:51 0.695959, 0.102904, 0.729038, -1.155087, -0.938309, -2.938284
2024-04-05 13:46:51 0.695959, 0.102904, 0.729038, -1.155087, -0.938309, -2.938284
2024-04-05 13:46:51 0.695959, 0.102904, 0.729038, -1.155087, -0.938309, -2.938284
2024-04-05 13:46:51 0.695959, 0.102904, 0.729038, -1.155087, -0.938309, -2.938284
2024-04-05 13:46:52 0.695959, 0.102904, 0.729038, -1.155087, -0.938309, -2.938284
2024-04-05 13:46:52 0.695959, 0.102904, 0.729038, -1.155087, -0.938309, -2.938284
2024-04-05 13:46:52 0.695959, 0.102904, 0.729038, -1.155087, -0.938309, -2.938284
2024-04-05 13:46:52 0.695959, 0.102904, 0.729038, -1.155087, -0.938309, -2.938284
2024-04-05 13:46:52 0.695959, 0.102904, 0.729038, -1.155087, -0.938309, -2.938284
2024-04-05 13:46:52 0.695959, 0.102904, 0.729038, -1.155087, -0.938309, -2.938284
2024-04-05 13:46:52 0.695959, 0.102904, 0.729038, -1.155087, -0.938309, -2.938284
2024-04-05 13:46:52 0.695959, 0.102904, 0.729038, -1.155087, -0.938309, -2.938284
2024-04-05 13:46:52 0.695959, 0.102904, 0.729038, -1.155087, -0.938309, -2.938284
2024-04-05 13:46:52 0.695959, 0.102904, 0.729038, -1.155087, -0.938309, -2.938284
2024-04-05 13:46:52 0.695959, 0.102904, 0.729038, -1.155087, -0.938309, -2.938284
2024-04-05 13:46:52 0.695959, 0.102904, 0.729038, -1.155087, -0.938309, -2.938284
2024-04-05 13:46:52 0.695959, 0.102904, 0.729038, -1.155087, -0.938309, -2.938284
2024-04-05 13:46:52 0.695959, 0.102904, 0.729038, -1.155087, -0.938309, -2.938284
2024-04-05 13:46:52 0.695959, 0.102904, 0.729038, -1.155087, -0.938309, -2.938284
2024-04-05 13:46:52 0.695959, 0.102904, 0.729038, -1.155087, -0.938309, -2.938284
2024-04-05 13:46:52 0.695959, 0.102904, 0.729038, -1.155087, -0.938309, -2.938284
2024-04-05 13:46:52 0.695959, 0.102904, 0.729038, -1.155087, -0.938309, -2.938284
2024-04-05 13:46:52 0.695959, 0.102904, 0.729038, -1.155087, -0.938309, -2.938284
2024-04-05 13:46:52 0.695959, 0.102904, 0.729038, -1.155087, -0.938309, -2.938284
2024-04-05 13:46:52 0.695959, 0.102904, 0.729038, -1.155087, -0.938309, -2.938284
2024-04-05 13:46:52 0.695959, 0.102904, 0.729038, -1.155087, -0.938309, -2.938284
2024-04-05 13:46:52 0.695959, 0.102904, 0.729038, -1.155087, -0.938309, -2.938284
2024-04-05 13:46:52 0.695959, 0.102904, 0.729038, -1.155087, -0.938309, -2.938284
2024-04-05 13:46:52 0.695959, 0.102904, 0.729038, -1.155087, -0.938309, -2.938284
2024-04-05 13:46:52 0.695959, 0.102904, 0.729038, -1.155087, -0.938309, -2.938284
2024-04-05 13:46:52 0.695959, 0.102904, 0.729038, -1.155087, -0.938309, -2.938284
2024-04-05 13:46:52 0.695959, 0.102904, 0.729038, -1.155087, -0.938309, -2.938284
2024-04-05 13:46:52 0.695959, 0.102904, 0.729038, -1.155087, -0.938309, -2.938284
2024-04-05 13:46:52 0.695959, 0.102904, 0.729038, -1.155087, -0.938309, -2.938284
2024-04-05 13:46:52 0.695959, 0.102904, 0.729038, -1.155087, -0.938309, -2.938284
2024-04-05 13:46:52 0.695959, 0.102904, 0.729038, -1.155087, -0.938309, -2.938284
2024-04-05 13:46:52 0.695959, 0.102904, 0.729038, -1.155087, -0.938309, -2.938284
2024-04-05 13:46:52 0.695959, 0.102904, 0.729038, -1.155087, -0.938309, -2.938284
2024-04-05 13:46:52 0.695959, 0.102904, 0.729038, -1.155087, -0.938309, -2.938284
2024-04-05 13:46:52 0.695959, 0.102904, 0.729038, -1.155087, -0.938309, -2.938284
2024-04-05 13:46:52 0.695959, 0.102904, 0.729038, -1.155087, -0.938309, -2.938284
2024-04-05 13:46:52 0.695239, 0.102665, 0.728154, -1.155605, -0.937669, -2.937138
2024-04-05 13:46:52 0.695239, 0.102665, 0.728154, -1.155605, -0.937669, -2.937138
2024-04-05 13:46:52 0.695239, 0.102665, 0.728154, -1.155605, -0.937669, -2.937138
2024-04-05 13:46:52 0.695239, 0.102665, 0.728154, -1.155605, -0.937669, -2.937138
2024-04-05 13:46:52 0.695239, 0.102665, 0.728154, -1.155605, -0.937669, -2.937138
2024-04-05 13:46:52 0.695239, 0.102665, 0.728154, -1.155605, -0.937669, -2.937138
2024-04-05 13:46:52 0.695239, 0.102665, 0.728154, -1.155605, -0.937669, -2.937138
2024-04-05 13:46:52 0.695239, 0.102665, 0.728154, -1.155605, -0.937669, -2.937138
2024-04-05 13:46:52 0.695239, 0.102665, 0.728154, -1.155605, -0.937669, -2.937138
2024-04-05 13:46:52 0.695239, 0.102665, 0.728154, -1.155605, -0.937669, -2.937138
2024-04-05 13:46:52 0.695239, 0.102665, 0.728154, -1.155605, -0.937669, -2.937138
2024-04-05 13:46:52 0.695239, 0.102665, 0.728154, -1.155605, -0.937669, -2.937138
2024-04-05 13:46:52 0.695239, 0.102665, 0.728154, -1.155605, -0.937669, -2.937138
2024-04-05 13:46:52 0.695239, 0.102665, 0.728154, -1.155605, -0.937669, -2.937138
2024-04-05 13:46:52 0.695239, 0.102665, 0.728154, -1.155605, -0.937669, -2.937138
2024-04-05 13:46:52 0.695239, 0.102665, 0.728154, -1.155605, -0.937669, -2.937138
2024-04-05 13:46:52 0.695239, 0.102665, 0.728154, -1.155605, -0.937669, -2.937138
2024-04-05 13:46:52 0.695239, 0.102665, 0.728154, -1.155605, -0.937669, -2.937138
2024-04-05 13:46:52 0.695239, 0.102665, 0.728154, -1.155605, -0.937669, -2.937138
2024-04-05 13:46:52 0.695239, 0.102665, 0.728154, -1.155605, -0.937669, -2.937138
2024-04-05 13:46:52 0.695239, 0.102665, 0.728154, -1.155605, -0.937669, -2.937138
2024-04-05 13:46:52 0.695239, 0.102665, 0.728154, -1.155605, -0.937669, -2.937138
2024-04-05 13:46:52 0.695239, 0.102665, 0.728154, -1.155605, -0.937669, -2.937138
2024-04-05 13:46:52 0.695239, 0.102665, 0.728154, -1.155605, -0.937669, -2.937138
2024-04-05 13:46:52 0.695239, 0.102665, 0.728154, -1.155605, -0.937669, -2.937138
2024-04-05 13:46:52 0.695239, 0.102665, 0.728154, -1.155605, -0.937669, -2.937138
2024-04-05 13:46:52 0.695239, 0.102665, 0.728154, -1.155605, -0.937669, -2.937138
2024-04-05 13:46:53 0.695239, 0.102665, 0.728154, -1.155605, -0.937669, -2.937138
2024-04-05 13:46:53 0.695239, 0.102665, 0.728154, -1.155605, -0.937669, -2.937138
2024-04-05 13:46:53 0.695239, 0.102665, 0.728154, -1.155605, -0.937669, -2.937138
2024-04-05 13:46:53 0.695239, 0.102665, 0.728154, -1.155605, -0.937669, -2.937138
2024-04-05 13:46:53 0.695239, 0.102665, 0.728154, -1.155605, -0.937669, -2.937138
2024-04-05 13:46:53 0.695239, 0.102665, 0.728154, -1.155605, -0.937669, -2.937138
2024-04-05 13:46:53 0.695239, 0.102665, 0.728154, -1.155605, -0.937669, -2.937138
2024-04-05 13:46:53 0.695239, 0.102665, 0.728154, -1.155605, -0.937669, -2.937138
2024-04-05 13:46:53 0.695239, 0.102665, 0.728154, -1.155605, -0.937669, -2.937138
2024-04-05 13:46:53 0.695239, 0.102665, 0.728154, -1.155605, -0.937669, -2.937138
2024-04-05 13:46:53 0.695239, 0.102665, 0.728154, -1.155605, -0.937669, -2.937138
2024-04-05 13:46:53 0.695239, 0.102665, 0.728154, -1.155605, -0.937669, -2.937138
2024-04-05 13:46:53 0.695239, 0.102665, 0.728154, -1.155605, -0.937669, -2.937138
2024-04-05 13:46:53 0.695239, 0.102665, 0.728154, -1.155605, -0.937669, -2.937138
2024-04-05 13:46:53 0.695239, 0.102665, 0.728154, -1.155605, -0.937669, -2.937138
2024-04-05 13:46:53 0.695239, 0.102665, 0.728154, -1.155605, -0.937669, -2.937138
2024-04-05 13:46:53 0.695239, 0.102665, 0.728154, -1.155605, -0.937669, -2.937138
2024-04-05 13:46:53 0.695239, 0.102665, 0.728154, -1.155605, -0.937669, -2.937138
2024-04-05 13:46:53 0.695239, 0.102665, 0.728154, -1.155605, -0.937669, -2.937138
2024-04-05 13:46:53 0.695239, 0.102665, 0.728154, -1.155605, -0.937669, -2.937138
2024-04-05 13:46:53 0.695239, 0.102665, 0.728154, -1.155605, -0.937669, -2.937138
2024-04-05 13:46:53 0.695239, 0.102665, 0.728154, -1.155605, -0.937669, -2.937138
2024-04-05 13:46:53 0.695239, 0.102665, 0.728154, -1.155605, -0.937669, -2.937138
2024-04-05 13:46:53 0.695239, 0.102665, 0.728154, -1.155605, -0.937669, -2.937138
2024-04-05 13:46:53 0.695239, 0.102665, 0.728154, -1.155605, -0.937669, -2.937138
2024-04-05 13:46:53 0.695239, 0.102665, 0.728154, -1.155605, -0.937669, -2.937138
2024-04-05 13:46:53 0.695239, 0.102665, 0.728154, -1.155605, -0.937669, -2.937138
2024-04-05 13:46:53 0.695239, 0.102665, 0.728154, -1.155605, -0.937669, -2.937138
2024-04-05 13:46:53 0.695239, 0.102665, 0.728154, -1.155605, -0.937669, -2.937138
2024-04-05 13:46:53 0.695239, 0.102665, 0.728154, -1.155605, -0.937669, -2.937138
2024-04-05 13:46:53 0.695239, 0.102665, 0.728154, -1.155605, -0.937669, -2.937138
2024-04-05 13:46:53 0.695239, 0.102665, 0.728154, -1.155605, -0.937669, -2.937138
2024-04-05 13:46:53 0.695239, 0.102665, 0.728154, -1.155605, -0.937669, -2.937138
2024-04-05 13:46:53 0.695239, 0.102665, 0.728154, -1.155605, -0.937669, -2.937138
2024-04-05 13:46:53 0.695239, 0.102665, 0.728154, -1.155605, -0.937669, -2.937138
